500
116 285
173 265
231 90
393 184
192 244
400 5
141 477
117 345
15 89
226 352
214 248
394 437
483 22
196 18
358 321
489 475
106 14
240 189
104 485
373 149
81 125
154 222
102 123
420 469
212 498
321 278
246 67
216 82
90 412
452 448
85 442
275 43
456 15
232 413
352 457
414 434
82 420
8 36
43 428
6 107
427 179
386 173
247 102
107 189
366 60
137 452
354 265
495 310
132 80
75 485
37 341
271 472
261 279
360 156
60 218
116 487
398 2
12 497
456 120
186 174
180 175
478 34
440 326
196 73
406 124
410 295
465 33
119 79
312 480
87 372
50 203
211 448
57 224
297 365
344 483
392 376
11 370
410 303
48 458
228 306
82 138
102 400
171 73
479 336
405 418
60 456
122 272
256 31
496 54
249 192
37 141
68 400
363 478
204 412
288 432
218 371
423 172
271 94
246 102
282 3
20 343
459 494
115 216
26 111
122 275
155 11
268 223
412 131
53 468
43 341
400 114
212 323
286 335
270 384
437 404
388 458
247 199
452 362
415 330
325 389
105 480
401 225
203 313
357 108
281 252
450 33
366 14
209 153
350 331
37 287
235 277
245 483
477 50
197 244
380 23
134 338
355 35
63 411
200 420
19 333
173 321
366 391
336 427
44 186
110 434
325 346
63 423
181 40
473 378
285 353
253 419
43 461
306 107
372 6
379 243
191 52
65 409
296 253
337 192
291 447
478 116
145 42
391 326
82 364
57 367
70 310
138 113
271 296
72 495
302 452
239 345
4 156
255 152
409 92
345 200
391 323
168 37
365 60
363 448
276 420
167 198
83 158
164 206
454 236
202 109
188 441
454 45
97 209
197 358
153 42
410 45
218 78
82 83
490 297
383 119
70 403
317 153
61 481
359 367
218 61
476 406
354 283
344 1
161 498
395 71
43 113
2 477
49 344
274 432
463 196
335 133
349 248
114 61
116 184
474 444
443 329
79 246
132 424
99 146
422 495
69 317
108 71
294 157
416 420
442 231
469 129
364 318
230 331
231 346
367 206
142 162
35 222
409 19
498 360
165 420
355 235
89 316
158 235
325 426
7 119
158 476
249 374
147 479
205 378
177 73
436 171
235 471
245 496
343 243
209 360
15 64
447 104
232 458
191 410
384 199
29 394
27 130
269 174
461 474
405 138
399 341
162 487
165 407
335 360
151 44
220 18
461 20
475 45
478 166
455 362
217 337
257 245
319 378
271 281
352 176
419 104
18 81
443 35
341 130
395 344
175 115
362 488
487 337
385 465
356 341
180 73
30 437
170 349
167 442
130 371
470 402
475 340
335 270
375 176
401 270
20 428
238 235
268 225
424 153
191 280
346 223
206 376
12 228
78 179
170 60
50 141
462 26
333 150
148 209
178 49
479 51
329 69
286 97
295 210
251 338
343 97
61 49
326 73
277 404
252 300
464 154
293 279
180 126
281 181
335 459
82 167
10 412
88 148
361 383
211 112
73 54
62 486
455 388
411 84
144 15
384 460
170 29
91 202
156 372
383 343
184 318
362 194
230 451
195 443
186 406
408 112
312 470
98 267
210 362
203 206
377 88
166 399
469 258
102 477
482 337
321 166
155 35
213 237
338 408
181 25
166 89
489 478
411 439
97 473
301 300
240 197
430 210
307 384
187 142
222 360
308 377
248 21
467 86
281 148
463 299
89 452
277 352
244 226
325 45
27 356
428 267
405 359
329 65
95 369
59 317
229 367
47 329
241 14
416 374
14 231
174 455
36 451
307 280
30 484
177 57
192 106
176 449
317 358
366 412
227 425
82 308
145 129
138 386
495 406
260 361
137 434
316 25
238 475
305 268
311 483
177 3
441 205
304 110
63 171
22 142
448 104
451 93
85 441
479 80
347 92
293 336
378 109
362 116
436 19
236 247
102 295
471 259
257 34
282 280
177 230
236 480
324 322
421 155
254 120
99 48
308 478
9 22
446 298
42 35
45 248
300 0
396 123
259 153
158 393
285 187
123 22
19 299
196 292
307 450
412 258
350 72
236 212
95 35
10 489
70 407
89 222
407 485
346 18
491 356
411 276
395 387
298 414
38 494
58 197
297 322
456 147
394 44
211 341
79 221
182 1
129 124
224 36
109 422
407 452
130 170
229 25
409 27
291 448
374 349
497 23
23 453
22 417
498 234
111 77
455 145
431 84
269 7
473 231
429 232
183 59
402 412
436 312
292 79
112 18
428 109
41 451
220 413
149 183
342 457
329 273
41 98
132 366
329 61
98 365
472 353
277 260
17 421
339 481
439 119
90 332
422 357
248 143
270 249
326 113
206 7
238 100
458 371
466 139
284 417
4 109
122 134
221 139
55 61
120 347
180 62
179 103
420 427
98 42
177 276
7 235
136 246
335 94
469 302
233 105
71 238
66 193
372 288
332 427
349 304
126 381
218 306
336 138
85 286
33 114
63 40
350 199
138 185
145 107
339 378
65 410
116 131
455 340
419 287
120 268
443 246
2 162
404 338
152 490
125 185
104 40
226 306
91 364
492 236
324 183
114 389
446 83
372 401
275 292
41 247
412 484
494 414
498 398
105 3
240 82
188 345
122 266
3 65
483 347
301 159
31 267
48 477
202 420
378 330
64 271
77 477
256 71
243 106
322 200
109 62
282 298
259 404
416 263
321 251
110 122
410 493
242 458
322 296
231 201
126 147
472 204
476 80
127 220
187 301
420 148
364 55
446 475
459 215
90 281
466 201
255 377
46 349
187 369
146 270
422 272
418 246
328 246
327 308
466 366
109 239
14 325
294 313
301 105
28 391
238 346
444 346
75 491
195 263
212 341
385 134
466 155
380 146
402 59
454 368
425 416
459 292
241 105
105 42
211 485
286 301
183 230
147 259
73 195
22 285
388 259
271 354
415 152
353 317
211 307
37 489
223 497
281 317
102 238
211 165
75 497
319 110
80 466
369 5
13 243
143 402
3 414
108 418
66 461
235 130
121 272
119 196
121 252
13 76
342 225
93 269
74 412
379 6
231 249
12 244
492 155
498 347
421 107
265 488
68 352
470 41
477 441
238 450
193 251
26 387
328 472
156 255
384 35
261 467
284 125
64 129
132 62
328 54
169 446
394 90
298 364
131 127
305 221
78 350
473 456
237 153
428 245
408 165
280 22
484 417
147 48
398 132
463 226
186 484
172 432
426 323
296 58
302 453
279 232
155 104
189 244
110 469
489 370
486 269
244 471
38 244
371 436
376 334
15 414
171 39
346 97
362 494
7 17
299 139
249 454
95 290
198 205
260 39
428 246
160 172
69 199
416 441
487 292
127 2
58 150
42 256
248 256
250 255
273 401
394 23
355 490
165 405
47 425
296 475
24 457
148 445
156 416
238 495
61 366
498 119
368 392
376 116
148 478
372 274
380 118
149 87
460 314
345 8
240 141
483 116
98 483
61 106
400 300
102 313
18 452
432 386
344 160
3 344
139 227
118 371
197 267
458 158
434 303
18 26
297 353
142 247
189 55
206 441
355 160
254 225
112 38
112 308
199 467
4 190
46 475
61 95
242 19
105 28
175 123
54 324
329 196
423 18
104 129
289 213
37 253
103 1
413 302
320 418
492 218
393 405
313 487
277 271
16 304
246 422
128 75
471 51
445 75
33 404
386 322
469 423
428 73
424 193
227 96
111 220
314 356
125 480
196 402
251 64
206 497
486 186
73 309
90 18
384 123
275 271
297 96
46 225
169 323
419 397
419 382
469 86
91 446
66 287
201 317
203 259
166 41
446 239
351 36
110 235
11 237
358 308
333 257
34 355
432 305
104 351
39 73
289 482
371 355
269 72
24 324
332 191
366 130
282 217
18 392
304 29
481 15
337 315
272 223
170 204
380 274
407 420
199 197
402 70
404 24
143 429
200 327
120 66
309 402
135 327
147 440
356 128
307 45
443 79
269 465
135 149
91 394
421 290
443 176
213 348
52 208
277 252
387 249
319 196
3 306
23 150
98 231
279 405
276 74
336 45
392 471
47 483
218 468
126 161
496 191
361 48
399 490
239 472
482 243
278 357
245 377
88 376
282 364
303 471
410 195
294 309
30 12
129 8
174 126
199 35
26 450
378 327
236 117
151 70
212 282
427 458
159 15
186 293
380 489
264 142
36 59
303 419
71 432
427 97
410 479
485 437
429 363
116 166
332 268
88 45
50 16
355 61
383 393
206 115
383 471
109 271
382 412
190 305
345 118
403 107
97 240
44 26
455 161
44 287
281 133
184 183
1 391
96 384
285 302
352 20
273 461
143 7
374 334
313 71
304 68
178 401
308 223
279 115
236 176
254 369
161 439
404 162
182 0
398 319
154 250
212 335
287 438
169 100
9 473
168 39
226 328
114 357
443 202
33 198
423 194
489 327
208 23
179 459
343 334
209 34
114 273
221 401
63 390
354 424
215 22
464 293
203 78
151 498
133 184
48 56
231 37
384 291
413 63
250 256
249 312
142 363
85 216
117 1
458 471
425 174
493 241
467 48
320 118
47 305
155 95
361 238
485 245
29 398
161 280
6 410
92 0
126 29
216 243
30 175
214 308
201 59
49 168
108 221
139 155
26 146
102 388
384 87
485 413
485 498
45 343
409 137
344 387
19 412
130 401
87 196
209 140
255 111
309 363
332 300
370 211
298 473
99 182
60 436
447 398
435 493
241 196
482 437
83 1
350 213
255 289
261 464
430 16
75 91
232 260
243 102
471 41
427 70
75 340
358 22
238 293
367 331
489 202
203 471
137 458
260 398
275 42
267 202
485 499
462 228
453 433
121 381
355 196
221 214
219 311
7 438
142 497
140 263
421 196
86 411
6 199
161 281
241 428
484 227
279 446
307 233
380 429
466 235
125 39
301 196
350 309
135 344
158 275
460 79
471 46
342 478
245 4
259 339
432 95
418 64
394 225
297 126
6 115
213 132
154 15
180 356
324 315
200 482
91 160
413 414
59 256
392 304
112 4
143 396
451 61
460 345
139 109
471 145
224 185
129 378
200 162
86 376
477 139
210 420
299 123
335 210
231 79
15 195
435 10
92 387
424 52
232 415
162 204
412 386
389 394
117 441
56 55
317 385
194 27
306 346
2 493
56 86
72 423
281 8
286 373
395 210
426 479
477 440
183 389
178 424
135 147
365 191
203 34
77 397
413 235
243 416
228 300
354 152
223 135
160 361
361 407
423 287
387 400
79 422
142 257
199 277
405 416
321 108
451 398
357 364
133 101
253 486
365 328
122 378
190 483
137 113
122 24
14 53
299 8
310 498
285 67
414 106
27 217
356 385
434 489
338 66
54 91
53 420
419 27
298 109
362 435
75 336
312 89
389 463
97 51
461 234
471 227
193 498
297 49
235 231
391 425
297 445
16 202
365 436
81 15
397 295
303 472
131 467
413 372
430 362
424 243
97 247
322 290
97 119
191 185
350 82
110 0
28 127
54 245
415 136
113 312
431 416
137 415
383 50
287 313
408 362
310 230
4 260
350 47
445 52
130 55
52 10
182 107
107 97
95 220
262 378
136 399
145 371
301 285
36 66
348 444
280 11
27 136
271 377
184 216
281 314
271 334
176 306
293 283
403 240
4 17
470 492
268 116
216 70
401 104
488 101
401 269
112 428
405 235
157 89
451 438
255 75
124 283
381 417
67 136
9 423
154 480
267 422
448 335
344 201
440 333
302 341
102 267
269 359
354 426
301 306
216 56
233 341
340 114
258 259
102 120
34 256
452 301
31 400
137 375
101 429
60 255
270 162
374 391
374 229
317 175
387 385
231 120
226 423
86 485
34 188
457 68
297 409
222 328
309 211
55 262
140 116
369 410
130 244
301 4
473 470
179 360
355 263
480 82
38 418
419 73
106 376
493 255
137 215
426 491
60 66
107 429
328 237
173 481
94 146
303 273
358 159
388 190
93 427
108 364
0 67
92 345
322 229
61 258
27 339
249 87
258 208
16 86
297 42
68 391
188 371
17 399
382 405
89 327
332 198
191 184
117 135
30 439
364 443
49 391
330 40
358 199
127 156
241 47
399 281
270 416
180 5
322 270
184 154
320 228
339 437
363 221
228 80
164 278
323 446
428 154
339 287
353 318
443 94
217 342
375 487
111 56
344 433
178 29
87 498
257 278
287 120
499 15
52 15
293 376
314 74
30 153
361 235
471 156
329 188
350 56
27 461
464 224
394 142
105 334
492 362
112 279
334 464
147 387
479 292
263 293
366 145
298 227
380 269
235 61
309 86
469 189
47 434
265 294
428 370
128 273
232 240
404 418
56 51
157 36
344 420
181 62
417 480
142 149
249 377
62 411
463 32
452 363
318 217
9 246
87 137
19 319
229 424
89 286
327 247
174 23
19 355
86 437
335 228
438 437
457 1
348 273
33 300
136 203
369 497
449 456
134 321
127 215
97 216
353 424
315 27
383 386
124 70
466 62
7 423
415 207
196 300
359 184
3 228
181 305
184 315
126 163
383 75
232 236
351 47
116 151
382 499
37 358
69 3
273 429
427 188
136 123
489 496
308 344
224 489
149 261
157 127
424 392
202 156
480 54
204 96
205 438
95 243
297 17
98 70
446 377
110 82
1 451
78 161
296 155
2 445
416 11
73 340
255 127
497 236
181 53
332 387
343 428
482 140
297 432
62 243
310 25
177 163
476 108
324 124
263 178
422 179
42 495
19 297
474 368
33 156
273 366
395 117
146 229
109 443
161 24
38 471
49 215
134 377
323 310
2 86
341 424
117 383
271 137
180 245
357 66
253 131
432 148
248 78
377 357
373 391
381 411
362 282
478 349
160 302
11 162
240 352
438 358
235 209
347 268
306 56
334 60
187 266
208 435
196 438
145 69
329 378
480 43
161 458
244 321
112 256
335 205
108 125
415 196
186 114
464 492
170 150
52 358
268 113
145 464
403 290
385 232
21 365
127 182
175 372
355 140
128 42
345 88
167 112
284 353
226 100
197 396
106 370
215 252
334 118
394 219
202 415
436 329
449 112
53 304
104 33
346 449
122 365
70 287
211 268
35 313
18 142
184 233
246 18
203 140
90 405
408 378
234 357
342 140
14 446
173 212
395 147
78 308
406 0
447 469
268 335
282 138
477 466
223 75
337 426
215 279
331 475
157 418
333 0
58 347
59 194
231 489
2 489
490 302
458 110
137 240
249 466
207 324
41 396
251 108
175 434
84 332
352 417
332 262
346 27
325 429
369 179
418 359
481 376
321 470
116 70
436 175
395 329
71 498
438 246
432 22
431 137
291 115
251 259
246 97
286 423
26 7
103 444
366 436
172 40
407 141
462 195
316 209
25 240
207 463
338 492
337 269
129 128
237 380
387 483
330 25
407 208
33 362
5 251
298 177
291 57
318 254
105 487
315 482
227 23
297 417
15 134
39 496
114 276
228 353
259 410
378 18
119 263
380 124
367 31
153 10
440 324
116 45
311 432
27 390
455 324
307 322
310 198
170 424
474 250
277 86
161 8
456 280
271 337
256 138
220 409
1 160
233 117
58 396
49 85
286 4
262 446
178 72
144 348
497 471
99 126
57 112
134 13
244 258
202 0
248 274
261 249
435 347
367 493
430 382
273 44
180 451
117 176
152 466
147 103
92 56
215 227
422 459
337 124
459 85
251 72
335 186
271 202
470 313
101 243
358 281
47 475
457 199
293 457
302 385
13 17
464 287
476 301
264 287
387 15
211 74
53 483
128 436
350 98
249 451
194 459
84 241
286 393
440 79
350 94
465 216
111 281
3 439
83 119
78 470
134 141
396 187
124 24
123 326
122 225
129 316
184 65
57 471
459 349
50 161
443 367
229 406
149 85
197 232
204 127
54 339
269 450
26 245
326 2
72 448
227 53
117 411
119 26
234 430
376 285
91 171
4 321
430 153
406 127
237 110
255 143
301 376
445 328
121 271
182 45
451 189
172 70
215 407
0 91
44 443
115 48
264 45
202 22
24 291
133 131
435 434
7 232
114 481
4 296
26 76
57 477
265 82
399 480
489 251
424 385
195 391
433 311
436 487
334 312
279 467
296 66
253 155
298 220
136 154
368 15
82 426
344 347
360 244
180 201
347 456
86 42
347 19
206 135
7 40
447 138
7 243
56 112
399 354
361 201
402 443
479 99
143 191
195 323
392 42
279 478
437 126
497 143
113 356
183 60
494 42
156 50
6 407
257 339
146 470
392 401
413 223
0 56
414 195
231 306
237 362
136 26
340 485
169 453
342 204
366 188
98 374
91 105
281 200
296 279
170 40
180 435
263 180
344 29
375 75
187 113
438 323
491 130
308 161
84 150
217 450
191 316
324 282
421 457
334 217
236 4
257 417
439 372
449 283
401 325
211 88
290 1
411 281
131 71
294 67
74 12
369 265
328 45
399 101
354 233
170 91
237 279
360 28
3 161
164 404
486 375
344 128
228 107
410 211
178 56
279 252
68 148
369 248
46 268
201 400
1 371
343 238
2 55
119 5
217 283
261 55
10 105
184 238
64 94
449 95
150 80
347 71
81 69
319 127
337 21
244 223
429 247
278 48
252 347
331 366
403 341
471 87
431 36
33 381
131 183
461 330
106 42
399 426
169 89
299 49
428 395
124 357
142 402
258 247
250 89
113 5
283 436
92 214
324 125
447 307
160 409
490 267
303 241
330 196
226 258
91 350
468 86
252 226
185 354
167 150
359 302
86 451
369 263
428 316
70 89
77 60
208 233
154 253
58 484
449 284
243 392
134 63
478 238
141 163
93 308
313 304
463 252
108 332
15 36
0 437
477 78
350 185
311 4
438 221
488 239
5 83
132 491
146 462
229 287
478 174
448 143
479 411
395 439
95 262
327 95
200 305
25 50
342 336
54 133
57 394
224 414
478 356
405 124
171 487
264 149
161 212
292 492
475 188
431 70
302 111
165 2
268 191
404 110
379 458
95 289
353 320
203 183
28 461
307 199
448 423
348 461
135 493
454 462
33 237
32 335
348 50
338 116
93 242
79 324
53 26
113 258
346 169
441 375
482 100
426 430
24 127
391 11
120 197
474 153
435 358
340 135
260 30
104 205
125 35
30 178
61 143
288 408
164 229
135 146
181 413
428 205
69 12
221 395
17 156
105 358
144 366
388 248
71 13
135 101
43 196
97 331
456 113
412 91
112 446
357 40
3 397
64 72
410 286
319 427
294 425
137 290
291 26
38 214
391 173
168 287
222 117
470 178
230 235
122 342
181 479
235 184
228 299
109 490
437 428
418 232
353 407
374 496
285 413
211 177
438 231
316 12
348 286
191 78
21 165
421 54
144 156
91 224
307 200
215 97
480 485
181 334
392 55
182 178
468 393
207 259
124 23
161 314
403 35
479 176
89 475
184 180
200 491
88 213
400 269
399 144
325 81
322 145
475 381
256 451
256 380
276 418
194 31
305 174
207 394
427 201
234 11
116 323
224 368
444 123
13 121
57 187
119 384
69 375
335 177
107 463
447 302
494 252
328 53
499 329
444 278
383 179
289 351
354 366
341 85
272 398
272 391
282 193
118 470
223 226
285 170
380 132
423 208
185 274
389 130
52 272
309 193
476 163
59 48
313 253
133 85
151 257
328 286
303 447
256 26
25 41
196 405
25 471
465 211
97 354
341 1
479 2
195 455
17 106
355 330
359 488
268 363
97 448
149 400
247 257
278 272
150 327
177 176
150 142
387 248
349 80
249 180
82 296
487 99
255 342
281 114
182 401
477 279
350 478
32 97
235 162
222 386
489 399
62 140
394 301
240 95
381 341
275 463
490 262
414 245
456 47
211 138
301 189
417 151
19 301
100 255
464 322
493 305
74 407
297 320
208 37
415 89
231 42
404 221
156 170
466 112
217 29
250 370
218 19
21 90
173 474
345 137
148 190
442 222
42 305
129 309
246 360
351 150
433 359
172 251
471 241
281 73
112 351
445 485
441 118
459 138
107 108
328 401
182 277
141 225
82 123
386 328
335 90
330 121
449 354
372 421
96 5
346 60
357 291
45 150
261 357
141 368
465 321
270 147
99 263
224 181
386 463
362 74
53 44
195 2
399 419
275 347
425 474
407 134
265 452
284 379
309 277
247 126
99 369
126 198
133 202
231 371
165 93
445 218
490 140
73 389
60 348
88 337
174 495
471 440
299 107
319 461
385 418
87 484
288 65
34 421
268 265
144 433
211 90
4 201
82 429
442 494
277 30
331 452
25 154
244 176
262 415
137 499
185 225
335 473
290 369
246 410
486 391
196 197
333 200
398 267
129 340
262 258
222 445
62 99
100 158
276 214
425 413
213 111
490 400
436 133
269 183
43 255
426 91
305 111
291 203
378 272
396 492
383 118
290 297
218 242
456 494
456 233
259 21
344 102
421 281
235 42
316 130
149 94
222 454
205 365
490 406
280 373
24 70
22 94
312 330
88 120
64 200
141 260
302 414
393 37
456 209
19 105
155 241
412 212
148 449
328 280
174 204
202 196
299 366
27 239
486 443
439 479
203 241
393 97
130 349
158 150
306 166
243 218
378 54
140 378
3 320
158 29
25 360
78 176
226 457
415 64
400 355
43 455
448 436
404 79
81 444
81 324
14 459
379 155
338 234
327 496
116 204
209 194
380 435
3 148
0 403
355 395
210 303
332 115
234 469
382 315
265 463
492 280
274 223
287 112
457 466
461 425
171 170
119 51
457 474
199 309
377 54
57 440
210 389
407 444
210 289
260 328
108 378
343 136
213 304
62 384
326 33
288 135
8 339
297 237
246 354
177 456
95 436
252 305
77 364
485 181
468 93
60 295
192 403
284 258
59 346
142 237
379 282
372 239
474 21
477 220
375 6
28 470
295 132
128 372
497 113
54 317
59 466
465 103
221 249
361 280
447 356
17 178
138 241
418 464
263 247
184 490
105 64
461 400
49 441
273 46
406 179
215 317
145 180
421 218
281 282
350 228
138 219
259 129
460 177
93 75
276 130
66 381
46 27
282 95
320 407
493 78
86 209
396 83
241 317
301 375
451 151
455 442
370 214
423 182
391 368
258 19
498 324
401 397
492 375
442 338
453 28
399 349
463 140
18 264
367 470
267 323
412 489
389 187
171 133
55 281
152 406
457 53
303 160
88 147
35 30
485 341
410 384
190 373
377 209
489 96
419 295
97 309
482 121
294 37
402 446
443 360
0 246
372 440
246 260
471 231
101 233
468 291
107 197
352 96
293 383
205 65
178 302
226 12
275 20
50 178
466 493
390 318
92 262
259 190
22 82
421 123
315 241
290 119
371 84
355 428
149 385
82 227
398 358
247 300
36 65
145 426
384 89
40 495
279 63
77 53
38 392
294 305
167 85
277 390
21 132
318 22
369 400
249 267
258 348
419 294
265 65
72 149
154 113
496 434
28 73
487 66
318 133
372 337
70 1
227 91
133 45
465 354
445 214
474 56
414 393
202 180
458 275
181 465
240 178
399 268
103 238
186 273
371 410
110 294
411 337
385 396
234 351
251 32
417 225
88 184
118 290
364 429
417 45
394 157
75 145
277 31
383 464
304 106
374 267
400 286
456 138
182 191
341 285
75 110
10 163
294 481
305 158
410 223
56 304
232 483
449 10
14 184
474 171
142 200
438 395
486 246
33 21
437 226
306 12
336 169
27 483
493 60
408 401
216 140
385 17
150 251
53 476
274 195
177 64
90 15
311 475
388 100
201 47
465 390
216 492
373 366
177 218
278 85
120 346
226 5
215 228
108 268
205 383
463 234
447 406
249 258
381 138
211 435
185 176
325 253
168 50
471 198
268 249
283 240
447 361
97 162
442 206
430 147
441 245
381 388
151 482
499 385
472 210
320 9
386 497
262 406
47 233
104 167
334 240
260 133
453 357
295 395
63 77
394 4
323 127
245 326
110 244
211 82
306 31
444 192
380 206
450 279
292 407
447 126
147 59
260 452
416 407
200 332
337 94
336 12
222 433
338 184
29 402
118 335
285 62
379 166
269 182
445 413
89 244
39 88
303 151
40 220
411 240
404 248
187 92
260 409
445 55
352 63
243 490
126 474
156 247
156 453
160 245
198 51
333 353
55 226
425 318
318 329
66 5
422 178
266 300
128 211
355 333
127 450
323 105
425 331
352 81
284 364
327 334
267 12
188 322
238 113
140 57
295 58
414 217
236 181
369 365
244 224
50 371
27 373
476 452
204 180
33 488
396 212
323 164
77 363
338 315
328 331
224 123
389 491
192 126
24 61
343 268
138 393
492 165
117 174
353 2
162 249
67 337
265 144
52 104
311 381
435 388
4 324
379 197
302 403
258 497
23 396
242 367
413 212
40 382
386 245
237 49
494 304
238 112
300 291
216 111
24 3
499 28
179 230
77 334
133 188
183 9
436 426
138 268
232 25
13 469
426 360
125 16
324 425
159 392
37 183
395 388
212 426
119 289
260 104
477 444
465 266
222 194
116 360
314 200
170 15
40 147
32 364
73 191
256 462
375 3
350 439
429 321
228 42
278 58
486 243
324 208
289 292
420 104
492 10
284 14
25 176
162 57
40 87
101 148
49 476
151 251
415 432
73 495
474 351
405 312
446 81
20 236
373 293
192 218
155 476
84 180
152 246
238 44
333 339
192 234
167 195
486 82
127 59
429 102
262 335
414 208
268 287
296 142
432 488
212 87
464 296
267 468
395 357
12 80
48 204
315 215
251 301
149 379
212 431
481 474
118 247
34 386
386 183
28 318
171 92
405 488
389 25
308 284
234 321
364 283
377 179
350 129
332 352
8 44
283 341
370 401
440 257
287 327
440 168
145 463
260 403
303 1
285 14
285 2
297 162
33 0
143 366
352 3
262 487
196 133
390 379
464 182
399 461
145 160
216 449
13 496
413 299
11 198
153 308
212 186
160 356
404 364
359 167
351 408
300 443
45 42
323 361
224 222
174 369
234 391
170 248
387 83
399 250
281 52
411 494
90 71
202 495
436 413
14 139
321 314
83 366
356 406
79 80
480 106
301 215
497 472
315 236
55 214
487 189
118 398
35 208
321 237
55 257
150 69
249 472
235 332
190 443
90 122
375 70
228 177
137 225
1 452
313 408
166 152
97 284
402 484
345 224
221 252
333 372
174 82
196 409
414 238
353 356
360 228
427 88
257 64
165 110
17 331
19 35
483 468
172 386
453 369
110 174
121 295
398 295
230 446
57 144
185 410
1 45
490 280
486 100
196 151
210 65
482 229
101 318
50 125
204 3
494 166
29 115
461 280
263 191
226 320
188 411
82 41
309 424
173 295
24 369
298 235
435 133
316 388
451 366
13 155
221 7
173 103
474 486
383 237
30 461
409 70
373 343
111 34
268 136
181 144
5 479
231 292
464 48
180 415
266 45
422 340
52 95
443 379
434 178
116 464
139 378
34 364
221 497
398 341
133 431
486 490
411 217
283 227
117 315
143 236
361 417
428 265
365 371
144 299
401 113
263 40
343 297
146 155
258 279
439 96
269 350
165 404
429 283
371 285
342 299
402 207
22 399
6 423
12 269
315 207
418 72
123 64
80 381
195 19
477 316
221 495
73 150
278 145
75 1
282 417
152 184
124 26
83 130
301 447
251 116
154 21
41 130
437 121
11 132
140 341
300 213
336 373
363 466
370 438
319 152
355 471
189 331
497 124
461 298
424 64
266 430
85 307
60 22
280 424
6 420
117 307
133 305
32 349
123 403
139 442
407 347
265 96
178 114
73 492
264 349
56 30
279 494
190 340
368 470
264 375
243 381
34 228
38 66
77 161
321 217
103 229
64 368
177 94
482 102
86 98
451 143
128 231
137 170
423 357
141 187
84 384
420 470
464 458
37 42
119 210
111 74
439 27
294 469
121 128
71 208
226 23
377 29
49 370
68 134
106 488
104 70
298 493
464 269
56 75
343 495
454 137
316 76
117 388
263 339
49 369
383 278
250 432
148 318
418 254
158 375
220 141
77 276
69 272
272 23
261 88
451 378
328 87
221 443
278 270
312 161
401 62
446 49
232 364
156 390
239 333
346 460
474 275
236 43
47 360
419 308
301 370
186 481
310 407
425 440
30 89
102 431
4 400
332 236
264 488
127 356
321 325
168 148
101 256
191 148
309 122
333 495
103 143
255 380
83 137
470 37
420 326
437 104
62 54
93 41
410 266
367 430
414 320
186 106
320 155
68 129
277 401
477 233
396 84
113 480
73 435
17 493
261 307
97 324
361 42
217 123
309 436
53 223
256 239
181 429
410 376
3 239
109 400
323 75
232 396
10 101
241 272
408 191
448 121
233 165
244 394
454 297
470 62
389 3
491 136
105 254
364 461
493 474
213 169
401 445
417 411
46 11
35 307
202 483
428 287
1 25
34 455
322 4
17 63
7 361
51 465
115 416
426 460
242 139
129 143
436 399
54 334
410 90
141 464
425 422
103 426
447 137
233 121
493 251
185 353
112 236
318 79
152 96
39 394
87 21
389 23
272 444
357 34
386 499
350 311
273 453
90 72
443 323
193 436
426 230
141 38
467 459
469 471
218 494
234 107
17 6
403 227
40 289
226 242
453 351
195 43
423 490
218 116
427 145
199 68
35 166
380 5
489 139
366 207
134 100
167 3
458 70
230 350
212 308
92 17
159 139
412 82
51 409
127 250
329 163
268 209
20 109
349 238
317 335
190 336
338 148
258 69
498 470
377 90
339 37
229 251
471 211
234 374
120 361
476 450
376 96
11 396
206 212
134 375
47 324
211 386
472 469
292 184
264 131
73 346
235 397
57 321
271 178
182 100
480 411
196 491
307 254
204 442
129 103
118 340
341 443
162 148
265 454
185 30
437 110
228 172
7 285
345 131
315 28
231 295
439 279
287 98
34 343
392 163
446 11
356 288
454 18
288 71
472 473
101 261
84 181
286 443
74 282
11 157
430 450
289 69
401 175
412 293
190 210
304 46
498 258
64 139
330 388
464 283
2 400
465 288
344 284
419 270
418 431
280 348
233 69
417 134
96 329
428 286
40 232
333 390
343 249
381 25
490 346
160 492
246 477
132 442
261 51
213 180
334 493
380 68
54 10
479 482
296 371
67 481
114 262
231 495
139 73
193 299
65 440
277 49
382 38
100 447
440 451
355 206
216 80
244 365
304 163
346 418
277 429
265 416
2 459
215 419
399 344
320 133
235 421
81 157
60 373
108 267
80 61
28 148
142 124
365 446
287 64
216 416
345 481
440 400
471 191
96 292
325 331
65 258
489 125
131 449
392 63
11 420
64 5
45 281
303 184
345 19
101 191
352 285
391 293
185 362
336 282
154 161
465 219
271 306
196 255
256 88
318 119
9 234
16 279
90 361
298 43
404 150
329 295
295 366
10 132
0 16
145 318
88 269
124 284
24 380
373 342
429 475
140 445
254 82
158 404
126 63
407 307
210 54
173 72
186 26
89 184
344 177
453 468
461 477
201 186
171 52
420 452
380 60
249 486
143 408
391 121
323 298
428 33
204 453
479 47
427 175
224 232
496 37
224 84
101 144
37 481
205 286
320 200
46 211
321 369
361 101
255 65
54 213
308 386
260 87
413 336
319 409
373 232
458 449
317 412
94 206
245 151
492 65
351 39
276 24
260 489
125 15
55 31
80 215
417 340
303 183
28 474
92 402
207 403
351 376
315 297
82 60
448 426
126 151
317 254
27 78
244 4
445 151
36 26
366 305
218 21
488 247
496 433
1 55
336 352
431 151
2 365
63 302
291 189
454 109
444 333
39 40
338 484
191 226
10 409
383 229
431 224
328 279
157 329
186 493
33 469
496 35
334 59
338 125
86 397
477 125
437 167
110 480
245 472
389 129
53 172
353 381
303 362
210 489
207 96
458 203
131 292
114 321
270 215
465 208
112 295
334 401
314 296
381 60
120 123
189 174
147 394
407 451
256 470
292 315
66 103
18 49
247 484
371 17
200 336
226 164
66 298
208 299
358 180
274 399
354 422
293 114
436 17
216 2
120 86
51 368
70 422
237 122
111 315
139 94
79 205
392 287
356 250
320 131
149 174
405 294
140 130
47 76
499 115
430 472
201 482
192 124
256 281
246 367
97 385
314 176
316 151
309 136
282 310
162 39
105 155
169 4
231 20
120 162
492 173
496 184
297 104
466 396
324 415
281 138
443 76
344 259
227 5
247 361
316 262
400 273
417 421
277 148
441 249
162 286
423 10
470 220
115 288
116 439
203 250
77 147
178 273
258 405
279 358
118 95
120 18
220 37
291 497
37 84
247 52
370 170
62 341
242 177
129 211
468 185
461 397
184 491
171 442
396 302
300 14
249 420
384 469
309 27
318 347
111 65
399 482
87 313
323 182
491 304
393 311
341 206
209 25
320 445
34 120
311 135
393 47
104 202
74 422
401 37
340 152
19 279
466 194
313 309
351 206
120 192
264 329
218 313
61 38
110 447
10 421
82 403
320 38
458 246
313 211
284 5
364 303
284 330
498 98
491 349
156 111
393 273
441 111
438 354
1 49
302 12
322 236
267 143
275 77
241 88
289 25
93 5
181 229
187 31
179 178
380 188
289 125
313 82
237 251
437 90
300 91
454 475
327 222
470 454
151 211
42 440
89 487
445 270
69 132
301 248
310 33
288 452
158 101
34 247
353 323
338 5
414 144
480 94
366 302
48 18
14 443
310 103
282 108
373 351
92 26
452 403
59 240
207 69
194 241
317 47
65 7
404 331
151 237
425 370
39 474
240 53
269 50
8 51
158 233
403 103
259 355
6 170
447 65
306 409
40 223
416 297
55 419
34 332
289 73
306 29
479 75
432 339
127 442
73 382
45 184
89 403
355 36
468 447
30 127
356 422
350 124
71 257
43 105
90 333
31 248
214 362
176 498
201 155
441 126
37 486
311 478
242 18
366 210
317 396
189 173
171 392
297 242
149 192
200 91
377 83
192 92
297 368
90 350
23 383
477 412
222 140
390 464
10 256
26 327
5 216
0 28
460 149
270 461
341 322
53 219
257 97
163 54
465 105
405 340
489 382
252 211
374 494
175 384
250 53
63 107
121 63
135 81
64 258
43 257
432 448
476 190
45 491
244 362
97 149
202 86
383 306
297 257
152 324
493 402
377 56
362 351
432 35
107 327
145 40
127 121
230 24
465 474
386 62
476 440
148 359
98 297
469 250
473 462
5 350
371 367
53 342
216 486
230 324
165 375
364 293
348 446
169 313
420 408
375 396
348 375
108 299
172 77
49 145
391 54
348 262
457 490
239 187
166 257
414 382
402 114
328 71
280 100
479 155
497 180
383 457
479 407
34 28
405 425
435 253
40 208
6 497
50 98
36 68
207 450
450 109
416 278
32 196
379 12
204 228
192 87
37 23
494 71
403 399
348 338
4 388
399 363
385 301
313 421
370 20
223 320
129 140
451 161
336 182
25 40
262 69
479 299
92 474
222 496
225 70
186 82
311 437
445 196
239 258
470 109
278 45
281 259
185 84
272 374
266 298
266 28
219 98
179 164
424 401
12 149
324 198
231 135
488 28
183 227
286 153
188 416
51 469
175 88
54 448
462 172
98 81
53 169
179 232
333 455
486 197
104 310
248 188
297 236
216 480
463 3
486 151
271 37
472 447
125 378
247 440
51 197
373 104
366 404
188 52
359 174
249 315
336 497
3 133
85 72
466 48
427 452
341 376
254 244
110 157
441 483
261 160
239 450
212 98
476 313
266 165
311 269
298 248
193 116
297 120
319 261
432 183
61 42
192 2
378 454
14 469
256 226
420 84
40 186
249 203
307 400
16 100
153 292
50 81
109 482
116 22
377 309
376 255
115 391
76 223
117 496
307 9
182 409
64 490
309 368
343 177
468 464
466 473
109 17
55 218
351 23
92 228
184 468
335 299
359 412
374 329
408 34
443 255
285 104
123 128
133 443
92 100
417 201
469 324
271 320
347 363
401 384
332 88
183 43
0 410
372 261
444 415
56 239
170 341
343 293
469 476
88 413
