2217
1 0
2 0
3 0
4 0
4 1
4 3
5 0
5 4
6 0
7 0
8 0
9 0
9 6
9 2
10 0
10 4
11 0
11 2
12 0
13 0
13 6
14 0
14 6
14 2
15 0
15 2
16 0
17 0
18 0
19 0
20 0
21 0
22 0
23 0
24 0
25 0
26 0
27 0
28 1
28 5
28 6
29 1
29 5
30 1
30 3
31 28
31 1
31 5
31 29
31 3
31 6
31 7
31 8
31 10
31 20
31 21
32 1
32 20
33 1
33 5
33 3
33 10
34 1
34 5
34 3
34 8
34 10
35 1
35 32
35 9
35 20
36 1
36 5
36 3
36 13
37 28
37 1
38 1
39 1
40 2
40 30
40 32
40 36
40 37
41 30
41 2
41 32
42 2
42 41
43 2
44 36
44 30
44 2
44 41
45 30
45 2
45 41
45 32
46 36
46 2
46 41
46 32
47 37
47 30
47 2
47 32
48 2
48 33
48 39
49 28
49 6
49 36
49 30
49 2
50 35
50 36
50 2
50 41
51 2
52 2
53 6
53 36
53 30
53 2
54 2
54 39
55 2
55 39
56 30
56 2
56 32
57 2
58 2
59 6
59 2
60 2
61 2
62 31
62 2
63 2
64 2
65 2
66 2
67 2
68 2
69 2
70 2
71 2
72 2
73 2
74 2
75 2
76 9
76 40
76 3
77 4
77 40
77 3
77 54
78 3
78 48
78 23
79 44
79 40
79 3
79 49
79 50
79 52
79 53
79 17
79 20
80 3
80 15
81 28
81 4
81 30
81 31
81 6
81 80
82 4
82 30
82 31
82 80
82 32
83 35
83 36
83 4
83 30
83 32
84 5
84 78
84 53
84 54
85 5
85 48
85 53
85 54
85 55
85 17
86 10
86 5
86 55
86 18
86 24
87 28
87 5
87 29
87 32
88 6
88 8
88 53
88 13
88 16
88 17
89 6
89 39
90 6
91 6
91 35
91 36
91 30
91 79
92 6
92 30
92 88
93 6
94 6
94 30
94 79
94 33
95 6
95 31
96 6
96 76
96 79
97 6
98 6
98 36
98 30
99 6
100 6
101 6
101 84
102 6
103 6
104 6
104 30
105 6
105 87
105 88
106 28
106 6
106 31
107 6
107 78
107 87
108 6
109 6
109 36
109 32
110 6
110 30
110 79
111 6
112 6
113 6
113 31
114 8
114 36
115 32
115 33
115 85
115 8
115 92
115 39
116 8
116 14
116 58
117 35
117 8
118 8
119 8
119 118
120 8
121 35
121 32
121 85
121 9
121 77
121 11
121 14
121 59
121 109
122 31
122 9
122 11
122 14
122 59
122 109
122 25
123 9
123 91
123 11
123 16
123 83
123 105
123 109
124 9
124 40
124 52
125 9
125 47
126 9
126 11
126 53
126 13
126 58
126 111
127 9
127 92
127 95
127 50
127 56
127 99
128 32
128 13
128 97
128 98
129 81
129 114
129 13
129 99
129 109
130 115
130 37
130 30
130 32
130 78
130 79
130 13
130 127
131 92
131 13
131 97
131 24
132 41
132 42
132 44
132 45
132 46
132 47
132 50
132 13
132 56
132 83
132 60
132 20
132 127
133 81
133 92
133 53
133 13
134 88
134 13
135 133
135 92
135 52
135 53
135 14
135 82
135 105
135 111
136 35
136 30
136 79
136 126
136 14
136 58
136 59
137 15
138 31
138 81
138 87
138 16
138 104
138 105
138 25
139 16
140 131
140 32
140 16
140 105
141 42
141 16
141 105
142 76
142 30
142 79
142 84
142 38
142 56
142 32
142 16
142 107
143 16
144 16
145 16
146 42
146 87
146 17
146 105
147 92
147 98
147 17
148 17
149 92
149 17
149 123
149 85
150 44
150 46
150 97
150 82
150 17
151 40
151 130
151 18
152 18
153 18
154 60
154 20
155 20
156 20
156 42
157 107
157 60
157 23
157 24
158 148
158 23
159 132
159 32
159 35
159 124
159 79
159 23
159 150
160 60
160 23
161 55
161 24
161 25
162 36
162 32
162 50
162 56
162 142
162 83
162 24
163 24
163 111
163 25
164 109
164 24
164 25
165 24
166 25
167 25
168 25
169 151
169 161
169 37
169 86
169 49
169 53
169 25
170 151
170 25
171 25
172 28
172 29
172 30
172 35
172 138
172 36
172 142
173 28
173 29
173 31
173 165
174 28
174 129
174 31
174 80
174 155
175 28
175 29
175 132
175 138
176 28
176 29
177 28
177 29
178 28
178 29
179 28
179 29
180 28
180 129
180 30
180 132
180 165
180 36
180 162
180 125
180 144
181 28
181 29
181 138
182 28
183 28
183 29
184 28
184 29
185 28
185 31
186 28
186 138
186 29
187 28
187 30
187 78
188 28
188 138
188 29
189 28
189 138
189 29
190 28
190 31
191 28
192 28
192 31
193 28
193 29
193 85
194 28
195 28
195 161
196 28
197 28
197 135
197 138
197 29
198 28
198 31
199 28
199 138
199 116
200 28
200 138
200 29
201 28
201 29
202 28
203 28
203 138
203 29
204 28
204 29
205 28
205 138
205 29
206 28
206 29
206 132
207 28
207 138
207 29
207 79
208 28
209 28
209 170
209 126
210 28
211 28
211 29
212 28
212 29
213 28
213 135
214 28
214 138
214 29
215 28
216 28
216 29
216 31
217 28
217 138
217 31
218 28
218 29
219 28
219 29
220 28
221 28
221 31
222 28
222 29
222 53
223 28
223 31
224 28
224 151
225 28
225 29
226 28
227 28
228 28
228 29
229 28
229 151
229 36
229 157
229 79
229 84
229 165
229 32
230 28
231 28
231 142
232 28
232 170
232 126
233 28
233 29
234 28
234 29
235 28
235 141
235 123
235 85
235 149
236 28
236 122
236 79
236 31
237 28
237 33
238 28
238 29
239 28
240 28
240 31
241 28
241 138
241 31
242 28
243 28
243 157
243 170
244 28
245 28
245 162
245 31
246 28
246 138
246 29
247 28
247 138
247 29
248 28
249 28
250 28
250 86
250 33
251 28
251 29
252 28
252 138
252 29
253 28
254 28
255 28
256 28
256 29
257 28
257 29
258 28
258 35
258 128
258 86
258 30
258 84
258 133
259 28
260 28
260 29
261 28
261 29
261 134
262 28
262 29
263 28
263 138
264 28
264 29
265 28
266 28
266 36
266 29
266 30
266 79
266 33
266 145
266 156
267 28
267 29
268 28
268 29
269 28
269 138
270 28
270 32
271 28
271 84
272 28
272 138
273 28
273 29
274 28
275 28
276 28
276 29
277 28
278 28
278 31
279 28
279 126
280 28
280 31
281 28
282 28
282 161
282 29
283 28
283 29
284 28
284 31
285 28
285 29
286 28
287 28
288 28
289 28
290 28
290 29
291 28
292 28
292 31
293 28
294 28
294 29
295 28
296 28
296 29
297 28
298 28
298 29
299 28
300 28
300 29
301 28
302 28
303 28
304 28
304 29
305 28
306 28
307 28
308 28
309 28
310 28
311 28
312 28
313 28
314 28
315 28
316 28
317 28
318 28
319 28
320 28
321 28
322 28
323 28
324 28
325 28
326 28
327 28
328 28
329 28
330 28
331 28
332 28
333 28
334 28
335 29
335 31
335 116
336 138
336 116
336 29
336 30
336 124
337 29
338 135
338 136
338 29
338 155
338 143
339 162
339 29
339 165
340 29
341 29
342 29
343 29
344 29
345 29
346 29
347 29
348 157
348 29
349 30
349 134
349 123
349 152
349 161
349 36
349 79
349 141
349 150
350 159
350 30
350 32
350 161
350 79
351 30
351 84
351 32
351 33
351 85
351 161
351 76
351 77
351 37
351 86
351 79
352 30
353 159
353 30
353 79
353 127
354 159
354 30
354 36
354 76
354 150
355 30
355 132
355 162
356 350
356 159
356 30
356 353
356 354
356 132
356 32
356 36
356 79
356 126
356 38
356 156
356 150
357 159
357 30
357 356
357 85
357 163
357 127
358 30
358 32
358 36
358 156
359 30
359 32
359 123
359 156
360 30
360 123
360 33
360 85
360 161
360 36
360 77
360 86
360 78
360 79
360 38
361 30
361 355
361 79
362 349
362 129
362 30
362 132
362 162
362 79
362 345
362 127
363 30
363 355
363 32
363 361
363 79
364 35
364 30
364 32
364 37
364 130
364 79
365 350
365 159
365 30
365 354
365 356
365 36
365 122
365 37
365 79
365 226
366 30
367 35
367 36
367 30
367 132
367 32
367 162
367 79
367 126
367 127
368 30
368 32
368 123
368 79
369 36
369 129
369 30
369 32
369 79
369 144
370 30
371 30
372 35
372 30
372 352
372 160
372 80
373 365
373 159
373 30
373 356
373 154
374 128
374 366
374 162
374 30
374 132
374 32
374 130
374 79
374 150
374 127
375 35
375 30
375 32
375 79
375 113
376 161
376 77
376 30
376 84
376 33
376 85
376 86
376 78
377 30
377 32
378 151
378 35
378 161
378 163
378 77
378 30
378 84
378 33
378 85
378 86
378 39
379 30
379 132
379 150
380 35
380 36
380 30
380 133
381 162
381 76
381 30
381 132
381 79
381 222
381 127
382 135
382 35
382 157
382 30
382 165
382 32
382 124
382 79
383 35
383 162
383 30
383 133
383 79
383 125
383 142
383 156
383 150
383 127
384 36
384 159
384 30
384 356
384 32
384 79
385 35
385 158
385 30
385 32
385 79
386 365
386 159
386 30
386 154
386 356
386 79
387 35
387 30
387 124
387 32
388 135
388 161
388 36
388 30
388 79
388 132
388 123
389 35
389 30
389 79
389 127
390 36
390 30
390 79
390 31
390 132
390 133
390 85
390 150
391 157
391 37
391 30
391 79
391 356
391 132
391 165
391 32
391 127
392 159
392 30
392 356
392 127
393 30
393 132
393 150
394 35
394 146
394 30
394 79
394 32
394 127
395 35
395 131
395 30
395 79
395 32
396 135
396 35
396 30
396 79
396 32
396 127
397 35
397 163
397 37
397 30
397 125
397 132
397 32
397 127
398 128
398 86
398 30
398 84
398 32
398 85
399 151
399 146
399 30
400 35
400 30
400 154
400 124
400 79
400 125
400 132
400 32
401 36
401 37
401 30
401 124
401 32
402 35
402 370
402 30
403 35
403 30
403 132
403 156
403 150
404 35
404 370
404 37
404 30
404 79
405 151
405 161
405 77
405 78
405 30
405 84
405 88
405 33
405 85
405 39
406 128
406 366
406 162
406 30
406 79
406 32
407 86
407 78
407 30
407 84
407 165
407 85
408 30
408 32
408 156
409 35
409 30
409 132
409 165
410 35
410 36
410 162
410 37
410 30
410 154
410 79
410 125
410 32
410 150
410 127
411 157
411 30
411 124
411 132
411 165
412 30
413 151
413 163
413 37
413 86
413 78
413 30
413 356
413 33
413 85
413 127
414 151
414 349
414 157
414 30
414 79
414 132
414 165
414 127
415 138
415 36
415 157
415 30
415 132
415 165
416 35
416 36
416 76
416 30
416 79
416 32
417 35
417 36
417 37
417 30
417 79
417 84
417 32
417 150
417 127
418 35
418 30
418 79
418 160
418 32
419 35
419 36
419 370
419 37
419 30
419 154
419 79
419 125
419 132
419 88
419 123
419 127
420 35
420 76
420 30
420 132
420 32
420 127
421 36
421 30
421 79
421 132
421 38
422 151
422 135
422 122
422 78
422 30
422 132
422 165
422 32
422 150
423 35
423 157
423 30
423 126
423 165
424 35
424 36
424 30
424 79
424 126
424 32
425 35
425 162
425 157
425 30
425 125
425 132
425 165
426 35
426 76
426 37
426 130
426 78
426 30
426 154
426 79
426 84
426 32
427 35
427 162
427 370
427 37
427 78
427 30
427 38
427 39
427 88
427 123
427 127
428 35
428 30
428 132
428 127
429 30
429 79
429 132
430 30
430 124
430 31
431 76
431 30
431 79
431 32
431 127
432 151
432 35
432 36
432 157
432 370
432 78
432 30
432 79
432 132
432 165
432 149
432 127
433 36
433 30
433 79
433 140
434 35
434 370
434 37
434 30
434 154
434 79
434 125
434 88
434 123
434 127
435 30
436 35
436 36
436 370
436 37
436 30
436 79
436 127
437 35
437 36
437 76
437 30
437 154
437 79
437 125
437 132
437 32
438 35
438 157
438 30
438 79
438 132
438 165
439 76
439 30
439 84
440 36
440 30
440 154
440 79
440 125
440 132
440 32
441 30
441 79
441 32
442 35
442 370
442 30
443 114
443 36
443 76
443 30
443 79
443 132
443 165
443 147
443 123
444 35
444 30
444 79
444 32
444 127
445 35
445 36
445 162
445 370
445 37
445 30
445 79
445 356
445 132
445 32
445 127
446 35
446 36
446 30
446 154
446 79
446 132
446 150
447 162
447 370
447 30
447 165
447 85
448 35
448 30
448 154
448 124
448 79
448 125
448 356
448 132
448 156
448 150
449 77
449 30
449 84
449 38
450 30
450 31
451 35
451 36
451 76
451 37
451 30
451 79
451 125
451 132
451 32
451 123
451 127
452 35
452 30
452 79
452 132
452 156
452 150
453 35
453 37
453 30
453 79
453 125
453 356
453 132
453 32
453 127
454 35
454 37
454 30
454 149
455 37
455 30
455 31
455 125
455 132
455 32
455 156
455 127
456 157
456 30
457 35
457 162
457 76
457 30
457 124
457 79
457 132
457 32
457 150
457 127
458 36
458 162
458 76
458 37
458 30
458 79
458 132
458 142
458 32
458 156
458 150
458 127
459 76
459 37
459 159
459 30
459 154
459 124
459 79
459 125
459 356
459 32
459 150
459 127
460 35
460 370
460 30
460 79
461 36
461 30
461 79
461 123
462 36
462 162
462 30
462 132
462 155
463 114
463 370
463 30
463 160
463 80
464 135
464 35
464 36
464 30
464 142
464 133
464 88
465 30
465 79
465 32
466 86
466 78
466 30
466 400
466 84
466 32
467 36
467 76
467 37
467 159
467 30
467 125
467 132
467 32
468 36
468 162
468 37
468 30
468 154
468 79
468 132
468 32
468 150
468 127
469 35
469 36
469 129
469 86
469 30
469 32
469 150
470 35
470 37
470 30
470 132
471 35
471 76
471 37
471 30
471 124
471 79
471 125
471 132
471 155
471 32
471 150
472 30
472 33
473 35
473 370
473 30
473 132
474 36
474 30
474 124
474 79
474 39
474 33
474 156
475 30
476 35
476 370
476 30
477 35
477 30
477 154
477 124
477 132
477 32
477 150
478 35
478 36
478 37
478 159
478 30
478 79
478 356
478 132
478 32
478 156
478 127
479 30
479 31
480 35
480 30
481 35
481 36
481 76
481 37
481 30
481 124
481 79
481 125
481 132
481 32
481 150
481 127
482 35
482 36
482 37
482 30
482 79
482 32
482 150
483 77
483 30
483 222
483 84
484 36
484 162
484 30
484 79
484 125
485 35
485 36
485 37
485 30
485 79
485 125
485 132
485 32
486 122
486 30
487 36
487 30
488 35
488 77
488 129
488 30
488 84
488 38
489 35
489 36
489 157
489 30
489 125
489 132
489 165
489 33
490 36
490 30
490 79
490 126
490 156
491 37
491 30
491 79
492 35
492 36
492 30
492 79
492 132
492 32
492 150
493 35
493 37
493 30
493 154
493 79
493 132
493 32
493 150
493 127
494 35
494 37
494 30
494 79
494 132
494 32
495 35
495 162
495 30
495 79
495 125
495 132
495 32
495 150
496 35
496 78
496 30
496 79
496 84
496 132
496 156
496 150
497 30
498 35
498 30
498 132
498 32
498 150
499 37
499 30
499 124
499 79
499 132
499 32
500 151
500 35
500 146
500 76
500 30
500 132
500 165
501 77
501 30
502 30
503 30
503 32
504 36
504 30
505 35
505 156
505 30
505 79
505 132
505 32
505 150
506 36
506 37
506 30
506 79
506 125
506 132
506 32
507 36
507 76
507 30
507 79
507 123
508 162
508 30
508 79
508 132
508 32
509 30
510 36
510 37
510 30
510 79
511 156
511 37
511 78
511 30
511 79
511 132
511 32
511 85
511 127
512 135
512 86
512 30
512 38
512 32
512 88
512 33
513 35
513 30
513 85
514 30
514 79
514 126
515 36
515 30
515 79
515 222
516 37
516 30
516 32
517 35
517 36
517 76
517 30
517 79
517 222
517 32
518 35
518 36
518 30
519 86
519 30
520 35
520 36
520 30
520 125
520 132
520 32
520 150
521 36
521 30
521 154
521 79
521 126
521 132
521 32
521 127
522 35
522 30
523 76
523 30
523 79
523 126
524 36
524 30
524 79
525 162
525 76
525 30
525 79
525 32
526 35
526 30
526 33
527 30
528 150
528 36
528 162
528 30
528 125
528 32
528 127
529 30
529 39
530 156
530 30
530 79
531 35
531 36
531 162
531 37
531 30
531 154
531 79
531 132
532 30
532 79
533 30
533 84
533 85
534 30
534 32
535 35
535 162
535 30
535 124
535 79
536 30
537 36
537 30
538 35
538 30
539 35
539 162
539 30
539 132
540 36
540 127
540 162
540 30
540 79
540 32
541 35
541 30
542 35
542 150
542 162
542 37
542 30
542 124
542 132
543 127
543 30
543 79
543 125
544 30
545 35
545 30
546 156
546 37
546 30
546 79
546 132
546 32
547 30
547 32
548 35
548 37
548 30
548 124
549 37
549 30
549 79
549 32
550 35
550 36
550 30
551 30
552 35
552 37
552 30
552 125
552 32
553 35
553 36
553 37
553 30
553 132
554 30
554 125
555 30
556 30
556 132
556 32
557 30
558 30
559 35
559 36
559 30
560 35
560 36
560 30
561 156
561 36
561 30
562 127
562 30
562 32
563 35
563 30
564 35
564 150
564 36
564 162
564 30
564 79
564 132
565 30
566 35
566 150
566 30
566 32
567 36
567 162
567 30
568 30
568 79
569 150
569 30
569 32
570 35
570 30
571 162
571 30
571 132
572 30
573 36
573 30
573 79
574 30
575 150
575 30
576 37
576 30
577 36
577 37
577 30
577 32
578 30
579 30
579 32
580 30
581 127
581 30
582 30
582 32
583 30
584 30
585 30
585 32
586 30
587 30
588 30
589 30
590 30
590 32
591 30
592 30
593 30
593 32
594 30
595 30
596 30
597 30
598 30
598 79
599 30
600 30
601 30
602 30
602 79
603 30
603 79
604 30
604 32
605 30
606 30
607 30
607 79
607 32
608 30
609 30
610 30
611 30
612 30
613 30
614 30
615 36
615 30
616 30
617 30
618 30
619 30
620 30
621 30
622 30
622 32
623 30
624 30
625 30
626 30
627 150
627 30
627 32
628 30
628 32
629 30
630 150
630 30
631 30
632 30
633 30
634 30
635 349
635 31
635 165
636 31
636 133
636 88
636 33
636 85
636 34
636 78
636 80
637 31
638 31
638 33
639 31
639 636
639 217
640 129
640 31
641 36
641 31
641 133
641 33
641 85
641 130
641 39
642 31
643 31
644 31
645 639
645 31
646 31
646 132
646 165
647 31
648 31
649 31
650 135
650 31
651 31
651 33
652 31
653 31
654 31
655 31
655 80
656 31
656 133
657 31
658 31
659 136
659 31
660 31
660 133
661 31
662 36
662 79
662 31
662 132
662 134
662 88
662 149
663 31
664 31
665 31
666 31
667 31
668 79
668 31
668 39
669 31
670 31
671 79
671 31
671 33
672 31
673 31
674 31
675 31
675 222
675 32
675 150
676 31
677 31
678 31
679 31
679 123
680 31
681 31
682 31
683 31
684 31
685 31
686 31
687 31
688 31
689 31
690 31
691 31
692 31
693 31
694 32
694 79
695 32
695 88
695 33
695 85
695 130
695 86
695 78
695 39
696 32
696 36
696 162
696 79
697 695
697 32
697 636
697 163
697 388
697 397
697 480
698 32
698 35
698 128
699 32
699 35
699 37
699 79
700 128
700 32
701 128
701 32
702 32
702 33
702 38
703 132
703 41
703 32
703 79
703 156
704 128
704 32
705 180
705 32
705 92
705 382
705 94
705 391
705 409
705 415
705 117
705 425
705 97
705 98
705 100
705 101
705 443
705 245
705 662
705 465
705 265
705 668
705 271
705 127
706 146
706 162
706 77
706 84
706 32
706 85
706 400
706 222
707 128
707 32
708 35
708 364
708 376
708 378
708 703
708 380
708 356
708 32
708 351
708 406
708 410
708 440
708 474
708 555
709 151
709 35
709 161
709 36
709 76
709 79
709 84
709 32
709 33
709 85
710 78
710 124
710 79
710 708
710 32
710 33
710 85
710 39
710 156
711 162
711 124
711 79
711 708
711 132
711 41
711 32
711 123
712 32
713 124
713 79
713 132
713 32
714 128
714 32
715 159
715 356
715 32
716 32
717 77
717 86
717 84
717 32
717 85
718 151
718 161
718 38
718 32
718 33
718 697
719 708
719 32
720 162
720 37
720 79
720 708
720 32
720 156
721 79
721 708
721 32
721 150
722 36
722 79
722 32
722 88
722 33
723 154
723 132
723 32
723 156
723 150
724 162
724 124
724 79
724 708
724 126
724 142
724 32
724 156
725 708
725 32
726 365
726 162
726 37
726 79
726 708
726 132
726 32
726 127
727 79
727 125
727 132
727 32
728 159
728 32
729 36
729 37
729 154
729 124
729 708
729 125
729 132
729 142
729 32
729 156
729 150
729 127
730 159
730 79
730 125
730 356
730 132
730 32
730 123
730 127
731 36
731 76
731 79
731 84
731 32
732 35
732 32
733 32
733 85
734 36
734 162
734 79
734 32
735 151
735 705
735 124
735 79
735 165
735 32
736 36
736 79
736 708
736 125
736 132
736 142
736 32
736 150
736 127
737 36
737 86
737 39
737 32
738 86
738 32
738 123
738 127
739 38
739 32
739 697
740 36
740 162
740 79
740 708
740 141
740 132
740 32
740 85
741 151
741 36
741 77
741 78
741 84
741 39
741 32
741 88
741 33
741 697
741 150
742 32
742 33
743 128
743 32
744 35
744 36
744 76
744 79
744 32
745 35
745 37
745 79
745 32
745 697
746 32
747 35
747 32
748 35
748 32
749 36
749 162
749 125
749 132
749 32
749 150
750 32
750 133
751 39
751 32
751 88
751 33
752 162
752 124
752 79
752 708
752 132
752 32
753 36
753 124
753 79
753 32
754 36
754 32
754 33
755 36
755 37
755 154
755 79
755 32
756 124
756 32
757 77
757 84
757 32
758 162
758 79
758 32
759 35
759 150
759 36
759 86
759 32
760 154
760 79
760 125
760 132
760 32
761 132
761 32
762 35
762 37
762 32
763 79
763 32
764 32
765 37
765 32
766 32
767 35
767 32
768 79
768 32
769 37
769 125
769 32
770 32
771 79
771 32
772 35
772 32
773 79
773 32
774 127
774 708
774 125
774 32
775 162
775 708
775 32
776 84
776 32
777 84
777 32
778 132
778 32
779 32
780 79
780 32
781 127
781 32
782 32
783 150
783 32
784 32
785 32
786 32
787 32
788 32
789 32
790 32
791 32
792 32
793 32
794 32
795 32
796 79
796 32
797 32
798 32
799 32
799 123
800 32
801 32
802 32
803 32
804 32
805 32
806 84
806 33
806 85
806 161
806 86
806 39
807 88
807 33
807 697
807 85
807 78
808 33
809 157
809 33
810 33
810 85
811 84
811 88
811 33
811 85
811 78
812 161
812 77
812 84
812 88
812 33
812 85
812 86
812 78
812 400
812 222
812 38
812 39
813 33
814 88
814 33
814 130
814 86
815 33
816 76
816 130
816 139
816 78
816 79
816 84
816 33
816 85
817 161
817 78
817 33
817 38
818 33
819 86
819 84
819 88
819 33
819 85
820 161
820 36
820 130
820 86
820 78
820 84
820 88
820 33
820 85
820 222
820 38
820 39
821 129
821 86
821 33
821 39
822 130
822 79
822 84
822 88
822 33
823 35
823 77
823 84
823 38
823 33
823 39
824 128
824 366
824 375
824 141
824 33
825 133
825 33
826 161
826 86
826 78
826 356
826 38
826 88
826 33
827 33
828 77
828 86
828 222
828 356
828 412
828 88
828 33
829 33
829 85
830 161
830 84
830 38
830 33
830 85
831 78
831 33
832 84
832 33
832 85
833 161
833 86
833 33
833 85
834 86
834 88
834 33
835 33
835 85
836 151
836 161
836 38
836 33
836 697
837 33
838 77
838 84
838 39
838 33
839 33
840 128
840 84
840 33
841 86
841 33
841 85
842 157
842 33
843 77
843 39
843 33
844 86
844 78
844 33
845 86
845 33
846 33
847 38
847 33
847 85
847 127
848 33
849 33
850 33
851 161
851 86
851 33
852 79
852 84
852 33
852 85
853 33
854 86
854 33
854 85
855 33
856 86
856 78
856 79
856 33
857 129
857 171
857 33
858 33
859 33
860 33
861 78
861 33
862 33
862 85
863 33
864 33
865 33
866 33
867 33
868 33
869 33
870 33
871 36
871 78
871 33
872 33
873 33
874 33
875 33
876 33
877 33
878 33
879 33
880 33
881 33
882 33
883 33
884 33
885 33
886 34
886 366
886 76
886 130
886 86
886 78
886 79
887 34
888 34
889 34
889 151
889 37
889 78
889 38
890 34
890 80
891 40
891 351
891 172
891 81
891 696
891 362
891 35
891 808
891 886
891 162
891 810
891 812
891 376
891 380
891 381
891 383
891 706
891 387
891 816
891 710
891 820
891 711
891 405
891 407
891 715
891 823
891 96
891 418
891 721
891 424
891 426
891 431
891 724
891 439
891 830
891 729
891 104
891 83
891 731
891 733
891 734
891 60
891 457
891 738
891 464
891 468
891 474
891 258
891 740
891 477
891 482
891 483
891 486
891 488
891 489
891 841
891 497
891 508
891 509
891 515
891 516
891 517
891 752
891 675
891 526
891 758
891 535
891 775
891 562
891 564
891 573
892 698
892 35
892 121
893 35
893 708
894 35
895 35
895 372
895 160
896 35
897 151
897 35
897 136
897 37
897 84
897 85
897 78
897 385
897 49
897 38
897 336
897 721
897 425
897 338
897 729
897 453
897 485
897 490
897 505
898 151
898 35
898 152
898 162
898 77
898 86
898 78
898 84
898 88
898 891
898 123
898 85
898 38
898 127
899 151
899 35
899 146
899 37
899 79
899 132
899 145
899 149
900 35
901 35
901 79
901 132
902 114
902 35
903 35
903 37
903 78
903 79
903 160
903 80
903 132
904 35
905 35
905 130
905 891
905 85
906 35
906 705
906 78
906 79
906 132
906 171
907 35
907 78
908 151
908 35
908 146
909 35
909 78
909 79
909 38
909 118
909 88
909 123
909 698
910 35
910 36
910 162
910 124
910 125
910 126
910 132
910 142
910 891
910 156
910 150
911 35
911 36
911 162
911 79
911 126
911 132
911 142
911 150
911 127
912 35
912 897
912 79
912 125
912 127
913 35
914 35
914 38
915 35
915 78
915 123
916 35
916 705
916 79
916 132
916 165
916 144
917 35
918 35
918 157
918 132
918 165
919 35
920 35
921 35
922 35
922 146
922 37
922 79
922 356
922 127
923 35
924 35
925 135
925 35
925 146
925 37
925 897
925 124
925 127
926 35
926 162
927 35
928 35
928 37
929 35
930 35
931 35
932 35
933 35
933 36
933 37
933 79
933 132
934 35
934 79
934 125
934 156
934 127
935 35
935 36
935 37
935 124
935 79
935 132
935 156
935 127
936 35
937 35
937 146
938 35
938 79
938 125
939 35
939 37
940 35
940 78
941 35
941 36
941 162
941 124
941 79
941 125
941 132
941 891
941 123
942 35
942 79
942 127
943 35
943 36
943 162
943 79
943 125
943 891
943 150
943 127
944 35
945 35
945 146
945 84
946 35
946 162
946 79
946 132
947 35
947 79
947 84
947 127
948 35
948 36
948 37
948 79
949 35
950 35
950 76
950 124
950 127
951 35
952 35
953 35
953 37
954 35
954 36
954 79
954 125
954 127
955 35
956 35
956 162
956 79
957 35
958 35
959 35
960 35
960 79
961 35
961 36
961 162
962 35
963 35
964 35
964 37
964 79
965 35
966 35
967 35
968 35
969 35
969 36
969 79
969 891
970 35
971 35
972 35
973 35
974 35
975 35
976 35
976 122
977 35
978 35
979 35
980 35
981 35
982 35
983 35
984 35
985 35
986 365
986 159
986 356
986 36
987 355
987 146
987 36
987 76
987 79
988 133
988 134
988 88
988 114
988 36
988 231
989 36
990 36
990 162
991 36
991 129
991 132
992 36
992 162
992 895
992 132
992 41
992 891
992 123
992 79
992 222
992 155
992 137
993 114
993 36
994 36
995 36
995 372
995 412
995 892
996 36
996 705
996 154
996 79
997 36
997 78
997 412
997 85
998 146
998 36
998 86
998 78
998 132
998 38
998 891
998 123
998 85
999 121
999 36
999 123
999 150
1000 36
1000 79
1001 36
1001 133
1001 123
1002 36
1003 36
1003 88
1003 123
1004 36
1004 133
1005 36
1005 705
1006 36
1007 36
1008 36
1008 78
1008 123
1009 36
1009 78
1009 79
1009 84
1009 88
1010 36
1011 36
1011 79
1012 150
1012 36
1012 79
1013 36
1014 36
1015 36
1015 127
1016 36
1016 79
1016 132
1017 36
1018 36
1019 36
1020 36
1021 36
1021 79
1022 36
1023 36
1024 36
1025 36
1026 37
1027 121
1027 37
1027 698
1027 892
1027 906
1028 37
1028 79
1028 412
1029 37
1029 1028
1030 37
1031 37
1032 37
1032 124
1032 79
1032 126
1032 132
1033 37
1033 705
1033 131
1033 79
1033 891
1033 123
1034 37
1034 86
1034 78
1034 222
1035 37
1035 86
1035 78
1035 79
1036 151
1036 37
1037 37
1037 124
1037 356
1037 132
1038 37
1039 37
1039 154
1040 37
1040 86
1041 37
1042 37
1043 37
1044 127
1044 37
1044 79
1045 37
1046 135
1046 163
1046 37
1047 37
1047 132
1048 37
1049 37
1049 79
1050 114
1050 84
1050 85
1050 86
1050 38
1051 374
1051 38
1051 994
1051 906
1051 729
1052 146
1052 161
1052 78
1052 38
1052 85
1053 38
1054 159
1054 78
1054 38
1054 123
1055 38
1056 38
1057 38
1058 38
1059 38
1060 38
1061 39
1062 39
1063 39
1064 366
1064 78
1064 697
1064 39
1065 695
1065 39
1066 39
1067 86
1067 84
1067 39
1068 157
1068 897
1068 39
1068 88
1069 78
1069 39
1070 366
1070 86
1070 78
1070 39
1070 88
1071 86
1071 78
1071 39
1071 88
1071 123
1071 85
1072 78
1072 39
1072 85
1073 39
1074 157
1074 39
1075 77
1075 78
1075 222
1075 356
1075 39
1075 88
1076 366
1076 77
1076 39
1076 88
1077 39
1078 366
1078 78
1078 39
1079 86
1079 39
1080 86
1080 39
1080 85
1081 39
1081 85
1082 39
1083 39
1084 39
1085 43
1085 41
1085 40
1085 51
1085 52
1086 81
1086 41
1086 988
1086 377
1086 992
1086 209
1086 388
1086 125
1086 213
1086 423
1086 232
1086 97
1086 995
1086 82
1086 909
1086 443
1086 999
1086 108
1086 60
1086 1001
1086 463
1086 464
1086 1005
1086 109
1086 486
1086 1014
1086 967
1087 699
1087 121
1087 364
1087 368
1087 354
1087 41
1087 358
1087 351
1087 375
1087 377
1087 130
1087 380
1087 383
1087 711
1087 398
1087 406
1087 722
1087 1033
1087 431
1087 906
1087 724
1087 911
1087 830
1087 912
1087 446
1087 730
1087 459
1087 468
1087 1035
1087 474
1087 478
1087 481
1087 487
1087 745
1087 534
1087 543
1088 349
1088 807
1088 364
1088 152
1088 42
1088 368
1088 162
1088 403
1088 407
1088 415
1088 416
1088 422
1088 425
1088 56
1088 724
1088 105
1088 448
1088 474
1088 486
1088 489
1088 490
1088 500
1088 510
1088 856
1088 531
1088 551
1088 975
1089 121
1089 42
1089 986
1089 367
1089 162
1089 369
1089 373
1089 44
1089 379
1089 159
1089 387
1089 94
1089 390
1089 353
1089 391
1089 393
1089 47
1089 395
1089 396
1089 646
1089 711
1089 95
1089 403
1089 406
1089 357
1089 408
1089 409
1089 414
1089 1030
1089 824
1089 417
1089 420
1089 421
1089 721
1089 423
1089 723
1089 911
1089 441
1089 729
1089 444
1089 445
1089 446
1089 245
1089 730
1089 734
1089 452
1089 455
1089 457
1089 465
1089 468
1089 481
1089 485
1089 668
1089 493
1089 496
1089 499
1089 503
1089 941
1089 520
1089 753
1089 522
1089 945
1089 540
1089 546
1089 969
1089 558
1089 112
1090 172
1090 886
1090 349
1090 136
1090 353
1090 91
1090 44
1090 374
1090 380
1090 816
1090 390
1090 393
1090 400
1090 409
1090 423
1090 117
1090 425
1090 235
1090 429
1090 442
1090 446
1090 448
1090 245
1090 1000
1090 452
1090 458
1090 461
1090 467
1090 468
1090 1035
1090 110
1090 491
1090 496
1090 499
1090 507
1090 518
1090 755
1090 527
1090 530
1090 532
1091 459
1091 180
1091 467
1091 496
1091 499
1091 941
1091 515
1091 44
1091 390
1091 47
1091 420
1091 911
1091 453
1092 699
1092 180
1092 362
1092 363
1092 349
1092 350
1092 159
1092 354
1092 987
1092 356
1092 357
1092 696
1092 891
1092 351
1092 364
1092 367
1092 368
1092 369
1092 375
1092 703
1092 45
1092 92
1092 46
1092 169
1092 382
1092 383
1092 706
1092 387
1092 709
1092 710
1092 390
1092 392
1092 393
1092 394
1092 47
1092 396
1092 141
1092 397
1092 711
1092 398
1092 1027
1092 49
1092 400
1092 713
1092 402
1092 403
1092 404
1092 406
1092 407
1092 408
1092 53
1092 410
1092 411
1092 899
1092 717
1092 718
1092 822
1092 416
1092 417
1092 720
1092 419
1092 420
1092 421
1092 721
1092 722
1092 422
1092 1033
1092 424
1092 426
1092 723
1092 98
1092 427
1092 428
1092 56
1092 142
1092 430
1092 431
1092 432
1092 433
1092 82
1092 906
1092 434
1092 724
1092 435
1092 436
1092 437
1092 726
1092 727
1092 439
1092 910
1092 911
1092 440
1092 830
1092 442
1092 729
1092 445
1092 446
1092 1034
1092 449
1092 731
1092 732
1092 451
1092 734
1092 452
1092 453
1092 918
1092 735
1092 455
1092 457
1092 458
1092 459
1092 462
1092 465
1092 466
1092 467
1092 923
1092 468
1092 1035
1092 470
1092 471
1092 925
1092 473
1092 474
1092 740
1092 477
1092 478
1092 1055
1092 479
1092 928
1092 481
1092 482
1092 484
1092 486
1092 487
1092 744
1092 488
1092 489
1092 490
1092 668
1092 266
1092 493
1092 494
1092 1056
1092 496
1092 497
1092 498
1092 938
1092 745
1092 501
1092 502
1092 505
1092 506
1092 509
1092 1038
1092 510
1092 511
1092 748
1092 513
1092 514
1092 516
1092 517
1092 943
1092 752
1092 1040
1092 753
1092 758
1092 948
1092 528
1092 530
1092 949
1092 532
1092 762
1092 534
1092 535
1092 952
1092 953
1092 763
1092 539
1092 1011
1092 1012
1092 540
1092 961
1092 543
1092 962
1092 544
1092 964
1092 767
1092 768
1092 546
1092 547
1092 549
1092 552
1092 966
1092 1044
1092 771
1092 969
1092 557
1092 775
1092 559
1092 561
1092 970
1092 562
1092 569
1092 571
1092 573
1092 971
1092 574
1092 779
1092 575
1092 780
1092 576
1092 781
1092 782
1092 577
1092 783
1092 578
1092 579
1092 580
1092 581
1092 582
1092 784
1093 641
1093 46
1093 388
1093 97
1093 235
1093 338
1093 1067
1093 100
1093 1001
1093 1004
1093 1005
1093 109
1094 699
1094 367
1094 47
1095 806
1095 81
1095 357
1095 695
1095 636
1095 360
1095 811
1095 812
1095 641
1095 709
1095 213
1095 819
1095 48
1095 820
1095 898
1095 405
1095 413
1095 1052
1095 822
1095 722
1095 426
1095 909
1095 832
1095 833
1095 834
1095 1001
1095 1071
1095 741
1095 1075
1095 503
1095 1058
1095 513
1095 1079
1096 369
1096 991
1096 379
1096 382
1096 816
1096 709
1096 391
1096 394
1096 395
1096 396
1096 49
1096 132
1096 713
1096 403
1096 409
1096 411
1096 899
1096 414
1096 415
1096 1030
1096 416
1096 417
1096 901
1096 229
1096 419
1096 422
1096 423
1096 903
1096 1033
1096 425
1096 996
1096 908
1096 438
1096 443
1096 104
1096 83
1096 245
1096 916
1096 453
1096 918
1096 735
1096 456
1096 465
1096 922
1096 923
1096 469
1096 925
1096 928
1096 487
1096 489
1096 266
1096 933
1096 937
1096 500
1096 507
1096 747
1096 518
1096 946
1096 759
1096 1010
1096 535
1096 536
1096 539
1096 960
1096 550
1096 553
1096 971
1096 630
1097 699
1097 180
1097 364
1097 368
1097 806
1097 640
1097 90
1097 703
1097 388
1097 391
1097 711
1097 49
1097 356
1097 407
1097 53
1097 416
1097 720
1097 418
1097 426
1097 431
1097 905
1097 724
1097 726
1097 911
1097 1002
1097 478
1097 484
1097 941
1097 758
1097 761
1097 764
1097 1046
1098 180
1098 172
1098 362
1098 364
1098 367
1098 368
1098 374
1098 350
1098 380
1098 382
1098 383
1098 354
1098 49
1098 713
1098 410
1098 96
1098 424
1098 426
1098 56
1098 431
1098 729
1098 446
1098 448
1098 731
1098 60
1098 457
1098 474
1098 486
1098 487
1098 266
1098 496
1098 506
1098 510
1098 517
1098 947
1098 1012
1099 52
1100 886
1100 810
1100 811
1100 357
1100 360
1100 378
1100 86
1100 1063
1100 820
1100 405
1100 407
1100 53
1100 413
1100 1052
1100 995
1100 235
1100 439
1100 828
1100 833
1100 998
1100 258
1100 1072
1100 841
1100 845
1100 940
1101 354
1101 359
1101 1097
1101 53
1101 899
1101 1032
1101 429
1101 1068
1101 1001
1101 471
1101 937
1101 1077
1102 53
1103 350
1103 357
1103 636
1103 351
1103 368
1103 371
1103 378
1103 897
1103 816
1103 710
1103 819
1103 821
1103 718
1103 414
1103 1064
1103 55
1103 721
1103 722
1103 826
1103 995
1103 235
1103 427
1103 828
1103 83
1103 998
1103 733
1103 450
1103 1054
1103 1001
1103 474
1103 491
1103 496
1103 503
1103 509
1104 695
1104 636
1104 709
1104 212
1104 820
1104 405
1104 55
1104 722
1104 998
1104 834
1104 741
1105 463
1105 1077
1105 385
1105 988
1105 338
1105 58
1106 174
1106 703
1106 816
1106 388
1106 81
1106 720
1106 419
1106 338
1106 1068
1106 911
1106 105
1106 60
1107 706
1107 898
1107 905
1107 60
1107 836
1107 149
1108 161
1108 76
1109 76
1110 76
1111 76
1112 807
1112 76
1112 814
1113 76
1113 1086
1114 76
1114 77
1114 84
1114 891
1114 85
1115 76
1116 76
1117 76
1118 76
1119 76
1120 76
1121 76
1122 146
1122 84
1122 891
1122 1100
1122 1090
1122 77
1122 86
1122 78
1122 222
1122 150
1123 349
1123 365
1123 77
1123 403
1123 427
1123 1068
1123 998
1124 368
1124 77
1124 896
1124 716
1124 905
1124 1053
1124 104
1124 457
1125 146
1125 77
1125 84
1125 891
1125 86
1126 77
1126 378
1126 897
1126 899
1126 155
1126 486
1127 77
1127 140
1127 84
1128 77
1128 891
1129 1103
1129 1100
1129 77
1129 130
1129 86
1129 222
1129 84
1129 88
1129 123
1129 1107
1129 85
1130 1095
1130 77
1130 1086
1130 88
1131 77
1131 84
1131 891
1131 85
1132 77
1132 86
1132 84
1132 891
1133 77
1133 222
1133 891
1134 77
1134 84
1134 85
1135 77
1136 1095
1136 86
1136 78
1136 85
1137 78
1137 79
1137 412
1137 155
1138 138
1138 130
1138 78
1139 78
1140 1101
1140 78
1141 78
1141 1086
1141 1093
1141 698
1142 78
1143 78
1144 161
1144 1095
1144 130
1144 86
1144 78
1144 84
1144 891
1144 85
1145 1095
1145 86
1145 78
1145 84
1145 85
1146 146
1146 78
1146 891
1146 150
1147 1100
1147 86
1147 78
1147 84
1147 1107
1148 78
1149 146
1149 78
1150 1103
1150 78
1151 161
1151 78
1152 78
1153 86
1153 78
1153 1089
1154 78
1155 1100
1155 78
1156 78
1157 86
1157 78
1157 84
1158 78
1159 78
1160 78
1161 78
1162 78
1163 78
1164 78
1164 123
1165 78
1166 78
1167 78
1168 78
1169 78
1170 78
1171 78
1172 78
1173 78
1173 84
1173 132
1174 162
1174 78
1174 165
1175 78
1176 78
1177 78
1178 78
1179 78
1180 78
1181 159
1181 356
1181 1092
1181 365
1181 79
1181 125
1181 150
1181 127
1182 1092
1182 163
1182 79
1183 1092
1183 163
1183 132
1183 79
1183 1098
1183 150
1184 159
1184 356
1184 365
1184 79
1185 131
1185 79
1186 79
1187 79
1187 132
1188 131
1188 124
1188 79
1188 214
1189 122
1189 154
1189 79
1189 1097
1189 155
1189 1126
1189 149
1190 365
1190 79
1190 356
1190 1065
1190 85
1191 387
1191 79
1192 79
1193 151
1193 1092
1193 79
1193 1096
1194 79
1194 1097
1195 136
1195 79
1196 79
1197 1092
1197 79
1197 132
1197 891
1197 123
1198 1087
1198 154
1198 124
1198 79
1198 125
1198 1089
1198 156
1199 129
1199 79
1200 149
1200 146
1200 79
1200 141
1200 132
1200 123
1200 156
1200 150
1200 127
1201 79
1201 132
1202 79
1203 79
1203 988
1203 994
1203 1009
1204 79
1205 79
1206 79
1207 79
1208 1090
1208 79
1208 1089
1209 79
1209 84
1210 79
1210 132
1211 79
1212 1092
1212 79
1213 1092
1213 79
1214 127
1214 79
1215 1088
1215 79
1215 132
1216 79
1216 132
1217 79
1217 132
1218 150
1218 79
1219 79
1220 79
1221 79
1222 79
1223 79
1224 79
1225 79
1226 79
1227 79
1228 79
1229 79
1230 79
1231 79
1232 79
1233 79
1234 79
1235 79
1236 79
1237 79
1238 79
1239 79
1240 79
1241 79
1242 79
1243 79
1244 79
1245 79
1246 79
1247 79
1248 169
1248 710
1248 160
1248 80
1248 258
1248 490
1248 938
1249 80
1250 130
1250 81
1250 1189
1251 130
1251 86
1251 1104
1251 139
1251 84
1251 85
1252 1095
1252 86
1252 84
1253 114
1253 1092
1253 1095
1253 1100
1253 86
1253 84
1253 1123
1254 84
1254 891
1254 85
1255 84
1256 1092
1256 161
1256 84
1257 1090
1257 84
1258 1096
1258 84
1258 119
1258 1102
1259 84
1259 891
1259 85
1260 222
1260 84
1260 85
1261 151
1261 1103
1261 1095
1261 1100
1261 86
1261 1096
1261 84
1261 85
1262 1092
1262 152
1262 222
1262 84
1262 123
1262 85
1263 128
1263 1092
1263 161
1263 162
1263 1100
1263 86
1263 84
1263 85
1263 127
1264 84
1264 85
1265 128
1265 84
1266 1100
1266 84
1267 1095
1267 84
1267 85
1268 1095
1268 84
1268 85
1269 84
1269 85
1270 84
1271 84
1272 84
1273 84
1274 84
1275 84
1276 84
1277 84
1278 1095
1278 1100
1278 1065
1278 85
1278 400
1279 85
1280 1095
1280 1100
1280 356
1280 85
1281 85
1282 85
1283 85
1284 891
1284 85
1285 146
1285 161
1285 1095
1285 1100
1285 85
1285 155
1286 1092
1286 1095
1286 1100
1286 1065
1286 123
1286 85
1287 85
1288 639
1288 148
1288 85
1289 85
1290 85
1291 85
1292 86
1292 85
1293 85
1294 1095
1294 85
1295 85
1296 85
1297 85
1298 85
1299 85
1300 85
1301 85
1302 85
1303 639
1303 1100
1303 86
1303 706
1303 407
1303 823
1303 1091
1303 626
1304 161
1304 86
1305 1100
1305 86
1306 86
1306 1065
1307 86
1308 161
1308 86
1309 86
1310 86
1311 86
1312 86
1313 86
1314 114
1314 129
1314 86
1314 1096
1314 127
1315 86
1316 86
1317 86
1318 86
1319 86
1320 86
1321 86
1322 86
1323 86
1324 86
1325 86
1326 86
1327 86
1328 86
1329 86
1330 86
1331 173
1331 1183
1331 176
1331 209
1331 225
1331 87
1331 1192
1331 1068
1331 257
1332 172
1332 175
1332 177
1332 178
1332 179
1332 183
1332 184
1332 186
1332 188
1332 189
1332 190
1332 191
1332 195
1332 197
1332 200
1332 203
1332 204
1332 205
1332 207
1332 210
1332 212
1332 214
1332 215
1332 219
1332 221
1332 228
1332 87
1332 229
1332 231
1332 234
1332 235
1332 238
1332 242
1332 245
1332 247
1332 248
1332 340
1332 251
1332 254
1332 259
1332 260
1332 265
1332 667
1333 87
1334 1101
1334 130
1334 87
1334 1106
1334 145
1334 1250
1335 87
1336 87
1337 87
1338 87
1339 114
1339 146
1339 1095
1339 1086
1339 88
1340 134
1340 88
1341 88
1341 148
1342 988
1342 134
1342 88
1343 134
1343 88
1343 150
1344 121
1344 122
1344 126
1344 88
1345 88
1346 114
1346 88
1347 134
1347 88
1348 161
1348 1095
1348 88
1349 135
1349 88
1350 90
1351 1065
1351 91
1352 180
1352 187
1352 162
1352 809
1352 194
1352 369
1352 91
1352 991
1352 92
1352 382
1352 209
1352 391
1352 216
1352 711
1352 821
1352 411
1352 414
1352 415
1352 901
1352 229
1352 422
1352 423
1352 1033
1352 232
1352 425
1352 432
1352 1068
1352 438
1352 1115
1352 916
1352 735
1352 465
1352 1005
1352 1074
1352 489
1352 1201
1352 150
1352 1010
1352 1207
1352 1041
1352 766
1353 130
1353 416
1353 422
1353 97
1353 142
1353 727
1353 443
1353 452
1353 922
1353 467
1353 1035
1353 471
1353 477
1353 478
1353 481
1353 485
1353 938
1353 524
1354 372
1354 160
1354 1248
1354 104
1355 1181
1355 699
1355 172
1355 808
1355 364
1355 174
1355 376
1355 380
1355 383
1355 354
1355 398
1355 401
1355 351
1355 407
1355 417
1355 418
1355 1032
1355 419
1355 420
1355 721
1355 722
1355 1033
1355 428
1355 434
1355 724
1355 436
1355 910
1355 830
1355 104
1355 462
1355 464
1355 474
1355 475
1355 741
1355 493
1355 934
1355 497
1355 509
1355 517
1355 753
1355 1206
1355 524
1355 1013
1356 105
1357 105
1358 806
1358 169
1358 391
1358 415
1358 107
1358 739
1358 149
1358 936
1359 162
1359 636
1359 419
1359 107
1359 463
1360 162
1360 335
1360 158
1360 646
1360 107
1361 1092
1361 369
1361 196
1361 382
1361 215
1361 891
1361 411
1361 414
1361 1030
1361 229
1361 1068
1361 996
1361 438
1361 443
1361 918
1361 454
1361 1001
1361 1005
1361 109
1361 469
1361 741
1362 164
1362 109
1363 180
1363 362
1363 136
1363 369
1363 382
1363 821
1363 411
1363 415
1363 824
1363 229
1363 996
1363 438
1363 443
1363 916
1363 918
1363 454
1363 923
1363 668
1363 111
1364 114
1364 1051
1364 130
1364 1089
1364 824
1365 114
1365 1097
1366 114
1367 114
1367 1062
1368 114
1369 114
1370 114
1370 1092
1371 114
1372 115
1373 115
1373 1341
1373 906
1373 909
1373 889
1374 115
1375 115
1376 199
1376 116
1376 404
1376 1068
1377 1376
1377 116
1378 1352
1378 1376
1378 116
1379 1376
1379 116
1380 1092
1380 1376
1380 116
1381 116
1382 116
1383 1376
1383 116
1384 116
1385 1376
1385 116
1386 116
1387 1376
1387 116
1388 116
1389 116
1390 117
1390 905
1391 1303
1391 119
1391 1129
1392 151
1392 141
1392 165
1392 231
1392 119
1392 1126
1393 119
1394 119
1395 121
1395 194
1395 209
1395 227
1395 423
1395 232
1395 239
1396 121
1397 1103
1397 122
1398 122
1399 151
1399 1092
1399 122
1400 1101
1400 123
1401 1250
1401 897
1401 385
1401 437
1401 123
1402 1103
1402 123
1403 222
1403 891
1403 123
1404 157
1404 123
1405 1092
1405 891
1405 123
1406 123
1407 123
1408 123
1409 124
1410 124
1411 124
1412 1092
1412 1358
1412 125
1412 1355
1412 132
1412 127
1413 125
1413 356
1413 1097
1413 132
1413 1353
1414 125
1415 125
1416 125
1417 1352
1417 170
1417 126
1418 126
1419 126
1420 126
1421 126
1422 126
1423 126
1424 1092
1424 127
1425 1089
1425 156
1425 150
1425 127
1426 157
1426 1352
1426 705
1426 1096
1426 1361
1426 132
1426 1363
1426 165
1426 127
1427 1092
1427 127
1428 127
1429 127
1430 127
1431 127
1432 127
1433 127
1434 127
1435 127
1436 127
1437 127
1437 1087
1438 127
1439 127
1440 128
1441 128
1442 128
1443 128
1443 132
1444 128
1445 128
1446 129
1446 1363
1446 362
1447 129
1448 1352
1448 129
1449 129
1450 129
1451 1352
1451 129
1451 1096
1452 1088
1452 1352
1452 129
1452 1096
1453 129
1454 129
1455 129
1455 1096
1456 129
1457 129
1458 129
1459 1051
1459 130
1460 989
1460 130
1460 1425
1460 1000
1461 194
1461 130
1461 209
1461 227
1462 376
1462 130
1462 1052
1462 1285
1462 1192
1462 1137
1462 449
1463 130
1464 130
1465 130
1466 130
1467 477
1467 130
1467 897
1468 130
1469 130
1470 1092
1470 131
1471 131
1471 140
1472 705
1472 131
1472 1086
1472 1093
1473 1092
1473 162
1473 1352
1473 131
1473 132
1473 165
1473 133
1473 1098
1474 132
1474 1099
1474 824
1474 827
1474 949
1475 163
1475 132
1476 132
1476 1353
1477 157
1477 1376
1477 132
1478 151
1478 1352
1478 1096
1478 132
1478 165
1479 1096
1479 132
1479 149
1480 132
1480 891
1481 1352
1481 1096
1481 132
1482 1352
1482 132
1483 132
1484 132
1484 891
1485 1355
1485 132
1486 132
1487 1092
1487 132
1488 132
1489 132
1490 132
1491 132
1492 132
1493 132
1494 132
1495 132
1496 132
1497 132
1498 135
1498 133
1499 1095
1499 133
1500 133
1501 133
1502 133
1503 133
1504 133
1505 133
1506 133
1507 152
1507 133
1508 162
1508 222
1508 134
1508 891
1509 134
1510 135
1510 886
1510 1351
1510 806
1510 194
1510 812
1510 351
1510 360
1510 383
1510 706
1510 209
1510 816
1510 709
1510 140
1510 819
1510 398
1510 1028
1510 1052
1510 720
1510 1252
1510 1285
1510 1417
1510 722
1510 826
1510 422
1510 1259
1510 997
1510 239
1510 1343
1510 915
1510 998
1510 730
1510 1000
1510 737
1510 250
1510 1003
1510 840
1510 1290
1510 486
1510 841
1510 503
1510 847
1510 279
1510 1314
1510 1081
1510 954
1511 135
1512 135
1513 135
1513 162
1513 697
1514 135
1515 135
1516 135
1517 135
1518 136
1519 136
1519 389
1519 1334
1520 138
1520 1510
1520 352
1520 1086
1520 155
1520 1250
1521 138
1522 138
1523 1088
1523 138
1523 1358
1524 139
1524 155
1525 140
1526 1358
1526 696
1526 141
1526 1028
1526 1106
1526 1287
1527 141
1528 362
1528 141
1528 1089
1529 1390
1529 142
1530 142
1530 697
1531 142
1532 1352
1532 705
1532 144
1533 1460
1533 144
1534 145
1535 145
1536 146
1537 146
1538 146
1538 404
1538 1086
1538 1093
1538 1106
1538 1105
1539 146
1540 146
1541 146
1542 146
1543 146
1544 146
1545 1124
1545 1390
1545 897
1545 1189
1545 148
1546 1062
1546 148
1547 149
1547 1352
1548 149
1549 1092
1549 150
1550 150
1551 1092
1551 150
1552 150
1552 1089
1553 150
1554 150
1555 150
1556 150
1557 150
1558 150
1559 151
1559 163
1559 194
1559 1352
1559 1510
1559 208
1559 209
1559 1417
1559 232
1559 440
1559 441
1560 151
1561 151
1562 151
1563 151
1563 1100
1563 1086
1564 151
1564 154
1564 222
1565 151
1566 1092
1566 152
1566 891
1567 153
1567 705
1568 154
1569 154
1570 155
1571 156
1572 156
1573 156
1574 156
1575 156
1576 156
1577 156
1578 157
1579 157
1579 1352
1580 157
1581 162
1581 157
1581 705
1581 1363
1581 165
1582 639
1582 157
1583 157
1584 157
1585 157
1585 1352
1586 157
1587 157
1587 1352
1587 1363
1587 165
1588 157
1589 157
1590 157
1590 1352
1590 1100
1590 1303
1591 157
1592 157
1593 158
1593 385
1594 158
1595 158
1596 159
1596 356
1596 365
1597 1092
1597 159
1597 356
1598 159
1599 159
1600 160
1600 1248
1601 161
1601 222
1601 1203
1602 161
1603 161
1603 1095
1603 1462
1604 161
1605 161
1606 161
1607 161
1608 162
1608 1352
1608 1096
1609 162
1610 162
1611 162
1612 162
1613 163
1614 163
1615 163
1616 163
1617 163
1618 163
1619 163
1620 163
1621 164
1622 164
1623 164
1624 213
1624 231
1624 165
1624 236
1624 910
1624 1547
1624 746
1625 1088
1625 1352
1625 1361
1625 1363
1625 165
1626 1352
1626 1363
1626 165
1627 165
1628 165
1629 165
1630 366
1630 165
1631 1372
1631 889
1631 1130
1631 166
1632 1279
1632 1281
1632 1282
1632 1283
1632 167
1633 167
1634 168
1635 169
1636 169
1637 349
1637 169
1638 169
1639 697
1639 170
1639 1141
1640 1510
1640 170
1641 170
1642 170
1643 170
1644 171
1644 437
1645 171
1646 171
1647 180
1647 1632
1647 696
1647 1545
1647 1341
1647 465
1647 1473
1648 187
1648 196
1648 712
1648 994
1649 194
1649 209
1649 1640
1649 909
1649 253
1650 194
1650 209
1650 232
1650 239
1651 194
1651 209
1652 209
1652 1189
1653 209
1654 222
1655 222
1655 891
1656 1092
1656 1100
1656 222
1656 1089
1657 222
1658 895
1658 372
1658 226
1659 1096
1659 226
1660 400
1660 226
1661 226
1661 423
1662 1510
1662 231
1663 359
1663 1660
1663 418
1663 235
1663 830
1663 915
1663 998
1664 235
1664 1343
1665 899
1665 1392
1665 235
1666 807
1666 488
1666 816
1666 405
1666 235
1667 235
1668 1368
1668 1401
1668 1369
1668 385
1668 235
1668 338
1668 1367
1668 912
1669 1339
1669 716
1669 236
1670 1339
1670 1596
1670 236
1671 338
1672 349
1673 349
1673 1601
1673 1065
1673 1351
1673 393
1673 446
1673 482
1674 362
1674 349
1675 362
1675 349
1676 362
1676 349
1677 349
1678 350
1678 353
1678 354
1678 356
1678 357
1678 1596
1678 1184
1678 1181
1678 365
1678 986
1678 373
1678 384
1678 386
1678 392
1678 715
1678 1664
1679 1678
1679 350
1679 353
1679 354
1679 356
1679 357
1679 1596
1679 1184
1679 1181
1679 365
1679 986
1679 373
1679 1526
1679 386
1679 392
1679 423
1679 1597
1680 807
1680 886
1680 812
1680 814
1680 378
1680 992
1680 898
1680 405
1680 718
1680 822
1680 1064
1680 826
1680 426
1680 1138
1680 909
1680 351
1680 360
1680 1304
1680 912
1680 1069
1680 1129
1680 834
1680 1071
1680 1055
1680 1073
1680 1075
1680 1402
1680 1008
1681 355
1682 355
1682 361
1683 355
1683 361
1684 355
1685 356
1685 1680
1686 356
1687 356
1688 359
1689 359
1690 359
1691 418
1691 359
1692 360
1693 361
1694 1088
1694 1332
1694 361
1695 361
1696 361
1697 807
1697 362
1697 1278
1697 709
1697 405
1697 1052
1697 1286
1697 1138
1697 1305
1697 915
1697 1070
1698 362
1698 726
1698 911
1698 736
1698 462
1699 362
1700 362
1701 362
1702 365
1702 986
1703 365
1704 366
1705 366
1706 366
1707 366
1708 366
1708 1647
1708 1332
1708 1680
1709 366
1710 366
1711 366
1712 366
1713 372
1714 372
1714 427
1714 1068
1714 742
1715 372
1715 1713
1715 1658
1716 372
1717 372
1718 375
1719 375
1720 375
1721 379
1721 1460
1721 898
1721 889
1722 1524
1722 382
1722 1068
1722 729
1722 999
1722 925
1722 504
1722 1549
1723 385
1724 385
1725 385
1726 385
1727 385
1727 909
1728 387
1729 387
1730 389
1731 390
1731 448
1731 451
1732 1644
1732 1351
1732 391
1732 1392
1732 1256
1733 397
1733 1028
1733 477
1733 485
1733 933
1734 1248
1734 400
1734 696
1734 724
1734 726
1734 910
1734 734
1734 918
1734 455
1734 467
1734 471
1734 1530
1734 478
1734 481
1734 493
1734 1550
1735 400
1736 1395
1736 403
1737 403
1737 1031
1737 463
1737 485
1737 488
1737 934
1737 505
1738 404
1739 404
1739 435
1739 1262
1740 412
1741 413
1741 454
1742 898
1742 413
1742 414
1742 997
1742 1343
1742 1130
1742 795
1743 1061
1743 415
1743 1603
1744 709
1744 416
1744 905
1744 440
1744 468
1744 1202
1744 520
1745 1424
1745 478
1745 938
1745 1660
1745 899
1745 419
1745 420
1745 434
1745 452
1746 823
1746 426
1746 1138
1746 832
1746 1128
1746 974
1747 726
1747 910
1747 446
1747 1007
1748 470
1748 485
1748 493
1748 675
1748 524
1748 453
1749 892
1749 1027
1749 463
1750 1062
1750 477
1751 477
1752 477
1753 639
1754 639
1755 639
1755 1376
1756 639
1757 639
1757 1100
1758 639
1759 1332
1759 812
1759 641
1759 710
1759 1063
1759 820
1759 1305
1759 831
1760 905
1760 662
1761 662
1761 905
1762 694
1762 912
1763 694
1763 697
1763 905
1764 1061
1764 696
1764 905
1764 1261
1764 1534
1765 696
1765 995
1766 696
1767 697
1767 1004
1768 697
1769 697
1770 1095
1770 697
1771 1533
1771 1528
1771 1288
1771 698
1771 892
1772 705
1773 1352
1773 705
1774 705
1775 705
1776 705
1777 1352
1777 705
1778 705
1779 1088
1779 705
1780 705
1781 705
1782 1266
1782 706
1783 708
1784 708
1785 708
1786 708
1787 710
1788 906
1788 728
1789 1520
1789 998
1789 738
1789 1003
1790 740
1790 1189
1791 1363
1791 823
1791 1603
1791 1447
1792 825
1793 828
1794 886
1794 1343
1794 1003
1795 1103
1795 891
1796 891
1797 891
1798 891
1799 891
1800 891
1801 891
1802 891
1803 892
1803 1361
1803 1001
1803 1002
1804 894
1804 1472
1804 1107
1805 895
1805 1046
1806 1103
1806 1101
1806 897
1806 1359
1807 897
1808 897
1808 1787
1809 897
1810 897
1811 903
1812 1594
1812 1372
1812 906
1812 1631
1813 906
1813 1141
1814 909
1815 1141
1815 914
1816 1334
1816 1130
1816 931
1817 937
1817 1510
1818 949
1819 995
1820 1460
1820 1000
1821 1001
1821 1377
1822 1027
1823 1027
1824 1028
1825 1051
1826 1051
1827 1092
1827 1051
1828 1051
1829 1051
1830 1052
1831 1086
1832 1086
1832 1650
1833 1097
1833 1086
1833 1093
1833 1332
1834 1086
1835 1092
1835 1361
1835 1086
1835 1098
1836 1086
1837 1086
1838 1086
1839 1086
1840 1087
1841 1087
1842 1087
1843 1088
1843 1090
1843 1666
1844 1088
1844 1092
1844 1096
1845 1088
1846 1088
1847 1088
1848 1088
1849 1088
1850 1088
1851 1088
1852 1088
1853 1088
1854 1088
1855 1088
1856 1088
1857 1089
1858 1096
1858 1089
1859 1089
1860 1089
1861 1089
1862 1089
1863 1089
1864 1741
1864 1090
1865 1741
1865 1090
1866 1090
1867 1090
1868 1090
1869 1090
1870 1092
1870 1103
1871 1092
1872 1092
1872 1352
1872 1096
1872 1361
1873 1092
1874 1092
1875 1092
1875 1096
1876 1092
1877 1092
1878 1092
1879 1092
1880 1092
1881 1092
1882 1092
1883 1092
1884 1092
1885 1092
1886 1092
1887 1092
1888 1092
1889 1092
1890 1092
1891 1092
1892 1092
1893 1092
1894 1092
1895 1092
1896 1092
1897 1092
1898 1092
1899 1092
1900 1092
1901 1092
1902 1092
1903 1092
1904 1092
1905 1092
1906 1093
1907 1093
1908 1093
1909 1103
1909 1095
1909 1663
1909 1748
1910 1095
1911 1095
1912 1095
1913 1095
1914 1358
1914 1096
1915 1096
1916 1096
1917 1096
1918 1096
1919 1096
1920 1096
1921 1096
1922 1096
1923 1096
1924 1096
1925 1743
1925 1097
1926 1097
1927 1097
1928 1097
1929 1097
1930 1097
1931 1097
1932 1098
1933 1098
1934 1098
1935 1474
1935 1099
1936 1100
1936 1673
1936 1680
1937 1100
1937 1510
1937 1742
1938 1100
1939 1100
1939 1446
1940 1100
1941 1100
1942 1101
1943 1101
1943 1673
1944 1101
1945 1101
1946 1102
1947 1103
1947 1762
1948 1103
1948 1870
1948 1278
1948 1727
1949 1103
1950 1103
1951 1103
1952 1103
1953 1103
1954 1103
1955 1103
1956 1103
1957 1103
1958 1103
1959 1103
1960 1104
1961 1104
1961 1341
1962 1107
1963 1112
1964 1526
1964 1460
1964 1115
1964 1424
1965 1124
1966 1124
1966 1395
1967 1138
1968 1143
1969 1143
1970 1351
1970 1146
1971 1186
1972 1189
1972 1392
1972 1346
1973 1194
1974 1205
1975 1248
1976 1248
1977 1459
1977 1364
1977 1256
1978 1264
1979 1264
1980 1278
1980 1782
1981 1303
1982 1332
1983 1332
1984 1332
1985 1332
1986 1332
1987 1545
1987 1341
1988 1350
1989 1351
1990 1351
1990 1644
1991 1351
1992 1352
1993 1352
1994 1352
1995 1352
1996 1352
1997 1352
1998 1352
1999 1352
2000 1352
2001 1352
2002 1352
2003 1352
2004 1352
2005 1352
2006 1352
2007 1352
2008 1363
2008 1353
2009 1353
2010 1354
2011 1355
2012 1355
2013 1358
2014 1358
2015 1358
2016 1358
2017 1358
2018 1358
2019 1358
2020 1358
2021 1358
2022 1358
2023 1358
2024 1359
2025 1359
2026 1360
2027 1360
2027 1680
2028 1964
2028 1360
2029 1360
2030 1360
2031 1360
2032 1361
2033 1361
2034 1791
2034 1363
2035 1363
2036 1363
2037 1363
2038 1363
2039 1363
2040 1363
2041 1363
2042 1363
2043 1363
2044 1363
2045 1372
2046 1373
2047 1376
2048 1390
2049 1390
2050 1392
2051 1395
2052 1395
2053 1401
2053 1524
2053 1398
2054 1446
2055 1461
2056 1462
2057 1474
2058 1474
2059 1474
2060 1510
2061 1510
2062 1510
2063 1510
2064 1510
2065 1510
2066 1510
2067 1510
2068 1519
2069 1526
2070 1559
2070 1528
2071 1546
2072 1559
2072 1679
2073 1559
2074 1559
2075 1567
2076 1669
2076 1600
2076 1805
2077 1613
2078 1624
2079 1624
2080 1624
2081 1631
2082 1632
2083 1632
2083 2082
2084 1633
2085 1639
2085 1732
2086 1639
2087 1639
2088 1639
2089 1647
2090 1647
2091 1647
2092 1647
2093 1647
2094 1647
2095 1647
2096 1647
2097 1649
2097 1651
2098 1649
2099 1649
2099 1651
2100 1649
2101 1649
2102 1653
2103 1655
2104 1660
2105 1663
2105 1691
2106 1663
2107 1663
2108 1663
2109 1663
2110 1663
2110 1691
2111 1663
2112 1663
2113 1663
2114 1663
2115 1663
2116 1668
2117 1669
2118 1671
2119 1673
2120 1673
2121 1673
2122 1678
2123 1678
2124 1679
2125 1680
2126 1680
2127 1680
2128 1680
2129 1680
2130 1690
2131 1691
2132 1693
2133 1713
2134 1722
2134 1759
2135 1731
2136 1731
2137 1734
2138 1734
2139 1736
2140 1736
2141 1736
2142 1737
2143 1741
2144 1741
2145 1741
2146 1741
2147 1741
2148 1743
2149 1744
2150 1744
2151 1744
2152 1744
2153 1744
2154 1746
2155 1747
2156 1748
2157 1749
2158 1759
2159 1759
2160 1759
2160 2159
2161 1759
2162 1759
2163 1761
2164 1763
2165 1763
2166 1763
2167 1764
2168 1765
2169 1765
2170 1766
2171 1766
2172 1766
2173 1766
2174 1767
2175 1781
2176 1788
2177 1788
2178 1789
2179 1791
2180 1791
2181 1791
2182 1792
2183 1792
2184 1803
2185 1803
2186 1804
2187 1808
2188 1816
2189 1816
2190 1816
2191 1821
2192 1948
2193 1961
2194 1961
2195 1987
2196 1988
2197 1990
2198 1990
2199 1991
2200 1991
2201 2050
2202 2053
2203 2053
2204 2058
2205 2058
2206 2076
2207 2077
2208 2082
2209 2084
2210 2084
2211 2149
2212 2165
2213 2188
2214 2193
2215 2206
2216 2211
