183
1 0
2 0
3 0
4 0
5 0
6 0
7 0
8 0
9 0
10 0
11 0
12 0
13 0
14 0
15 0
16 0
17 0
18 0
19 0
20 0
21 0
22 0
23 0
24 0
25 0
26 0
27 0
28 0
29 0
30 0
31 0
32 0
33 0
34 0
35 0
36 0
37 0
38 0
39 0
40 0
41 0
42 0
43 0
44 0
45 0
46 0
47 0
48 0
49 0
50 0
51 0
52 0
53 0
54 0
55 0
56 0
57 0
58 0
59 0
60 0
61 0
62 0
63 0
64 1
64 2
65 1
65 3
66 1
66 3
67 1
67 3
67 64
67 65
67 66
68 1
68 64
68 65
68 66
68 67
69 2
69 3
69 65
69 66
69 67
70 3
70 64
70 65
70 66
70 67
70 69
71 3
71 64
71 65
71 66
71 67
71 69
72 3
72 64
72 65
72 66
72 67
72 69
73 3
73 64
73 65
74 9
74 10
74 11
74 12
74 13
74 14
74 15
74 16
74 17
74 18
74 19
74 20
74 21
74 22
74 23
74 24
74 25
74 26
74 27
74 28
74 4
74 5
74 60
74 62
74 63
74 70
74 66
74 6
74 67
74 68
74 7
74 8
75 9
75 10
75 11
75 12
75 13
75 69
75 14
75 15
75 16
75 17
75 18
75 19
75 20
75 21
75 22
75 23
75 24
75 25
75 26
75 27
75 28
75 4
75 5
75 63
75 70
75 64
75 66
75 6
75 67
75 71
75 72
75 7
75 8
76 9
76 10
76 11
76 12
76 13
76 14
76 15
76 16
76 17
76 18
76 19
76 20
76 21
76 22
76 23
76 24
76 25
76 26
76 27
76 28
76 4
76 5
76 70
76 64
76 65
76 66
76 6
76 67
76 71
76 72
76 7
76 8
77 29
77 30
77 31
77 32
77 33
77 34
77 35
77 36
77 38
77 39
77 40
77 41
77 42
77 43
77 44
77 45
77 46
77 47
77 48
77 49
77 50
77 51
77 52
77 53
77 54
77 55
77 56
77 57
77 58
77 59
77 60
77 61
77 62
77 70
77 65
77 66
77 71
77 72
77 68
78 29
78 30
78 31
78 32
78 33
78 34
78 35
78 36
78 38
78 39
78 40
78 41
78 42
78 43
78 44
78 45
78 46
78 47
78 48
78 49
78 50
78 51
78 52
78 53
78 54
78 55
78 56
78 57
78 58
78 59
78 60
78 61
78 62
78 70
78 64
78 66
78 71
78 72
78 68
78 77
78 74
79 29
79 30
79 31
79 32
79 33
79 34
79 35
79 36
79 38
79 39
79 40
79 41
79 42
79 43
79 44
79 45
79 46
79 47
79 48
79 49
79 50
79 51
79 52
79 53
79 54
79 55
79 56
79 57
79 58
79 59
79 60
79 61
79 62
79 70
79 64
79 65
79 66
79 67
79 71
79 72
79 68
79 77
79 78
79 74
80 29
80 31
80 33
80 35
80 36
80 40
80 41
80 42
80 45
80 48
80 49
80 51
80 52
80 55
80 56
80 70
80 66
80 67
80 71
80 72
80 68
80 77
80 78
80 79
81 29
81 31
81 33
81 35
81 36
81 40
81 41
81 42
81 45
81 48
81 49
81 51
81 52
81 55
81 56
81 70
81 66
81 67
81 71
81 72
81 68
81 77
81 78
81 79
81 80
81 74
82 29
82 31
82 33
82 35
82 36
82 37
82 40
82 41
82 42
82 45
82 48
82 49
82 51
82 52
82 55
82 56
82 57
82 59
82 70
82 64
82 66
82 71
82 72
82 68
82 78
82 79
82 80
82 81
83 29
83 31
83 33
83 35
83 36
83 40
83 41
83 42
83 45
83 48
83 49
83 51
83 52
83 55
83 56
83 57
83 59
83 70
83 66
83 71
83 72
83 68
83 78
83 79
83 80
83 81
84 29
84 31
84 33
84 35
84 36
84 38
84 39
84 40
84 41
84 42
84 43
84 44
84 45
84 46
84 47
84 48
84 49
84 50
84 51
84 52
84 53
84 54
84 55
84 56
84 57
84 59
84 62
84 70
84 64
84 65
84 66
84 67
84 71
84 72
84 68
84 78
84 79
84 81
85 29
85 31
85 33
85 35
85 36
85 38
85 39
85 40
85 41
85 42
85 43
85 44
85 45
85 46
85 47
85 48
85 49
85 50
85 51
85 52
85 53
85 54
85 55
85 56
85 57
85 59
85 62
85 70
85 64
85 65
85 66
85 67
85 71
85 72
85 68
85 78
85 79
85 81
86 29
86 31
86 33
86 35
86 36
86 38
86 39
86 40
86 41
86 42
86 43
86 44
86 45
86 46
86 47
86 48
86 49
86 50
86 51
86 52
86 53
86 54
86 55
86 56
86 57
86 59
86 62
86 70
86 64
86 65
86 66
86 67
86 71
86 72
86 68
86 78
86 79
86 81
87 29
87 31
87 33
87 35
87 36
87 38
87 39
87 40
87 41
87 42
87 43
87 44
87 45
87 46
87 47
87 48
87 49
87 50
87 51
87 52
87 53
87 54
87 55
87 56
87 57
87 59
87 62
87 70
87 64
87 65
87 66
87 67
87 71
87 72
87 68
87 78
88 29
88 31
88 33
88 35
88 36
88 40
88 41
88 42
88 45
88 48
88 49
88 51
88 52
88 55
88 56
88 70
88 66
88 67
88 71
88 72
88 68
89 29
89 31
89 33
89 35
89 36
89 40
89 41
89 42
89 45
89 48
89 49
89 51
89 52
89 55
89 56
89 70
89 66
89 67
89 71
89 72
89 68
90 29
90 31
90 33
90 35
90 36
90 40
90 41
90 42
90 45
90 48
90 49
90 51
90 52
90 55
90 56
90 70
90 66
90 67
90 71
90 72
90 68
91 29
91 31
91 33
91 35
91 36
91 40
91 41
91 42
91 45
91 48
91 49
91 51
91 52
91 55
91 56
91 70
91 66
91 67
91 71
91 72
91 68
92 29
92 31
92 33
92 35
92 36
92 40
92 41
92 42
92 45
92 48
92 49
92 51
92 52
92 55
92 56
92 70
92 66
92 67
92 71
92 72
92 68
92 80
93 29
93 31
93 33
93 35
93 36
93 40
93 41
93 42
93 45
93 48
93 49
93 51
93 52
93 55
93 56
93 70
93 66
93 67
93 71
93 72
93 68
93 80
94 29
94 31
94 33
94 35
94 36
94 40
94 41
94 42
94 45
94 48
94 49
94 51
94 52
94 55
94 56
94 70
94 66
94 67
94 71
94 72
94 68
94 80
95 29
95 31
95 33
95 35
95 36
95 40
95 41
95 42
95 45
95 48
95 49
95 51
95 52
95 55
95 56
95 70
95 66
95 67
95 71
95 72
95 68
95 80
96 29
96 31
96 33
96 35
96 36
96 40
96 41
96 42
96 45
96 48
96 49
96 51
96 52
96 55
96 56
96 70
96 66
96 67
96 71
96 72
96 68
96 78
96 79
96 81
97 29
97 31
97 33
97 35
97 36
97 40
97 41
97 42
97 45
97 48
97 49
97 51
97 52
97 55
97 56
97 70
97 66
97 67
97 71
97 72
97 68
97 78
97 79
97 81
98 29
98 31
98 33
98 35
98 36
98 40
98 41
98 42
98 45
98 48
98 49
98 51
98 52
98 55
98 56
98 70
98 66
98 67
98 71
98 72
98 68
98 78
98 79
98 80
98 81
99 29
99 31
99 33
99 35
99 36
99 40
99 41
99 42
99 45
99 48
99 49
99 51
99 52
99 55
99 56
99 70
99 66
99 67
99 71
99 72
99 68
99 78
99 79
99 80
99 81
100 29
100 31
100 33
100 35
100 36
100 40
100 41
100 42
100 45
100 48
100 49
100 51
100 52
100 55
100 56
100 70
100 66
100 67
100 71
100 72
100 68
100 78
100 79
100 80
100 81
101 29
101 31
101 33
101 35
101 36
101 40
101 41
101 42
101 45
101 48
101 49
101 51
101 52
101 55
101 56
101 70
101 66
101 67
101 71
101 72
101 68
101 78
101 79
101 80
101 81
102 29
102 31
102 33
102 35
102 36
102 40
102 41
102 42
102 45
102 48
102 49
102 51
102 52
102 55
102 56
102 70
102 66
102 67
102 71
102 72
102 68
102 78
102 79
102 81
103 60
103 62
103 63
103 70
103 66
103 67
103 68
103 78
103 79
103 81
104 60
104 62
104 63
104 70
104 66
104 67
104 68
104 78
104 79
104 81
105 60
105 62
105 63
105 70
105 67
105 68
105 78
105 79
105 81
106 60
106 62
106 63
106 70
106 67
106 68
106 78
106 79
106 81
107 60
107 62
107 63
107 70
107 67
107 68
107 78
107 79
107 81
108 60
108 62
108 63
108 70
108 67
108 68
108 78
108 79
108 81
109 60
109 62
109 63
109 70
109 67
109 71
109 68
109 78
109 79
109 81
110 60
110 62
110 63
110 70
110 67
110 71
110 68
110 78
110 79
110 81
111 60
111 62
111 63
111 70
111 64
111 65
111 66
111 67
111 68
111 78
111 79
111 81
112 60
112 62
112 63
112 70
112 66
112 67
112 68
112 78
112 79
112 81
113 103
113 63
113 70
113 64
113 65
113 67
113 71
113 72
113 104
113 105
113 106
113 107
113 108
113 109
113 110
113 111
113 112
113 74
113 69
113 73
114 103
114 63
114 70
114 64
114 65
114 67
114 71
114 72
114 104
114 105
114 106
114 107
114 108
114 109
114 110
114 111
114 112
114 74
114 69
114 73
115 113
115 114
115 63
115 70
115 64
115 66
115 67
115 68
115 78
115 79
115 81
116 113
116 114
116 63
116 70
116 67
116 68
117 63
117 70
117 67
117 68
118 69
118 63
118 70
118 64
118 65
118 66
118 67
118 71
118 72
119 69
119 63
119 64
119 65
119 67
119 71
120 69
120 63
120 70
120 64
120 65
120 66
120 67
120 71
120 72
121 69
121 73
121 63
121 70
121 64
121 65
121 66
121 67
121 71
121 72
122 69
122 73
122 63
122 70
122 64
122 65
122 66
122 67
122 71
122 72
123 69
123 73
123 63
123 70
123 64
123 65
123 66
123 67
123 71
123 72
124 69
124 73
124 63
124 70
124 64
124 65
124 66
124 67
124 71
124 72
125 69
125 73
125 63
125 70
125 64
125 65
125 66
125 67
125 71
125 72
126 69
126 73
126 63
126 70
126 64
126 65
126 66
126 67
126 71
126 72
127 69
127 73
127 63
127 70
127 64
127 65
127 66
127 67
127 71
127 72
128 113
128 114
128 69
128 73
128 63
128 70
128 67
129 69
129 63
129 64
129 65
129 67
129 71
129 72
130 69
130 73
130 63
130 70
130 64
130 65
130 67
130 71
130 72
131 69
131 73
131 63
131 70
131 64
131 65
131 67
131 71
131 72
132 69
132 73
132 63
132 70
132 64
132 65
132 67
132 71
132 72
133 69
133 73
133 63
133 70
133 64
133 65
133 67
133 71
133 72
134 69
134 73
134 63
134 70
134 64
134 65
134 67
134 71
134 72
135 69
135 73
135 63
135 70
135 64
135 65
135 67
135 71
135 72
136 69
136 73
136 63
136 70
136 64
136 65
136 67
136 71
136 72
137 69
137 63
137 70
137 64
137 65
137 67
137 71
137 72
138 63
138 70
138 64
138 65
138 66
138 67
138 71
138 72
139 63
139 70
139 64
139 65
139 66
139 67
139 71
139 72
140 121
140 63
140 70
140 67
140 71
140 72
141 63
142 63
143 63
144 63
145 70
145 64
145 65
145 66
145 67
145 71
145 72
145 68
145 120
145 121
146 70
146 64
146 66
146 71
146 72
146 68
146 77
146 78
146 79
146 80
146 81
146 82
146 83
146 84
146 85
146 86
146 96
146 97
146 98
146 99
146 100
146 101
146 102
146 103
146 104
146 105
146 106
146 107
146 108
146 109
146 110
146 115
146 111
146 112
146 74
147 64
147 145
147 65
147 66
147 67
147 71
147 72
147 138
147 140
148 64
148 145
148 65
148 66
148 67
148 146
148 147
148 77
148 78
148 79
148 80
148 81
148 82
148 83
148 84
148 85
148 86
148 87
148 88
148 89
148 90
148 91
148 92
148 93
148 94
148 95
148 96
148 97
148 98
148 99
148 100
148 101
148 102
148 103
148 113
148 114
148 104
148 105
148 106
148 107
148 108
148 109
148 110
148 115
148 111
148 112
148 74
148 116
148 117
148 120
148 122
148 123
148 124
148 125
148 126
148 127
148 128
148 129
148 130
148 131
148 132
148 133
148 134
148 135
148 136
148 137
148 140
149 70
149 64
149 66
149 67
149 146
149 71
149 72
149 148
149 68
149 77
149 78
149 79
149 80
149 81
149 82
149 83
149 84
149 85
149 86
149 96
149 97
149 98
149 99
149 100
149 101
149 102
149 103
149 104
149 105
149 106
149 107
149 108
149 109
149 110
149 115
149 111
149 112
149 74
150 70
150 64
150 145
150 65
150 66
150 67
150 146
150 71
150 72
150 77
150 78
150 79
150 84
150 85
150 86
150 69
151 103
151 64
151 145
151 65
151 67
151 71
151 104
151 105
151 106
151 107
151 108
151 109
151 110
151 115
151 111
151 112
151 74
151 69
151 140
152 103
152 64
152 145
152 65
152 113
152 114
152 104
152 105
152 106
152 107
152 108
152 109
152 110
152 115
152 111
152 112
152 74
152 116
152 69
152 118
152 122
152 123
152 124
152 125
152 126
152 127
152 128
152 130
152 131
152 132
152 133
152 134
152 135
152 136
152 140
152 76
153 103
153 64
153 145
153 65
153 113
153 114
153 104
153 105
153 106
153 107
153 108
153 109
153 110
153 115
153 111
153 112
153 74
153 116
153 69
153 118
153 122
153 123
153 124
153 125
153 126
153 127
153 128
153 130
153 131
153 132
153 133
153 134
153 135
153 136
153 140
153 76
154 103
154 64
154 145
154 65
154 113
154 114
154 104
154 105
154 106
154 107
154 108
154 109
154 110
154 115
154 111
154 112
154 74
154 116
154 69
154 118
154 122
154 123
154 124
154 125
154 126
154 127
154 128
154 130
154 131
154 132
154 133
154 134
154 135
154 136
154 140
154 76
155 103
155 64
155 145
155 65
155 67
155 71
155 72
155 148
155 113
155 114
155 104
155 105
155 106
155 107
155 108
155 109
155 110
155 115
155 111
155 112
155 74
155 116
155 69
155 122
155 123
155 124
155 125
155 126
155 127
155 128
155 130
155 131
155 132
155 133
155 134
155 135
155 136
155 140
155 76
156 103
156 152
156 153
156 154
156 70
156 64
156 145
156 65
156 66
156 67
156 71
156 72
156 113
156 114
156 104
156 105
156 106
156 107
156 108
156 109
156 110
156 69
156 128
156 140
157 103
157 152
157 153
157 154
157 155
157 156
157 70
157 64
157 65
157 66
157 67
157 71
157 72
157 113
157 114
157 104
157 105
157 106
157 107
157 108
157 109
157 110
157 69
157 73
157 122
157 123
157 124
157 125
157 126
157 127
157 128
157 129
157 130
157 131
157 132
157 133
157 134
157 135
157 136
157 137
157 140
158 103
158 152
158 153
158 154
158 155
158 156
158 157
158 70
158 64
158 65
158 66
158 67
158 71
158 72
158 148
158 113
158 114
158 104
158 105
158 106
158 107
158 108
158 109
158 110
158 69
158 73
158 121
158 122
158 123
158 124
158 125
158 126
158 127
158 128
158 129
158 130
158 131
158 132
158 133
158 134
158 135
158 136
158 137
158 140
159 103
159 152
159 153
159 154
159 155
159 156
159 157
159 158
159 70
159 64
159 65
159 66
159 67
159 71
159 72
159 148
159 113
159 114
159 104
159 105
159 106
159 107
159 108
159 109
159 110
159 69
159 73
159 122
159 123
159 124
159 125
159 126
159 127
159 128
159 129
159 130
159 131
159 132
159 133
159 134
159 135
159 136
159 137
159 140
160 103
160 152
160 153
160 154
160 155
160 156
160 157
160 158
160 159
160 70
160 64
160 65
160 66
160 67
160 71
160 72
160 148
160 113
160 114
160 104
160 105
160 106
160 107
160 108
160 109
160 110
160 69
160 73
160 122
160 123
160 124
160 125
160 126
160 127
160 128
160 129
160 130
160 131
160 132
160 133
160 134
160 135
160 136
160 137
160 140
161 103
161 152
161 153
161 154
161 155
161 156
161 157
161 158
161 159
161 160
161 70
161 64
161 65
161 66
161 67
161 71
161 72
161 148
161 113
161 114
161 104
161 105
161 106
161 107
161 108
161 109
161 110
161 69
161 73
161 122
161 123
161 124
161 125
161 126
161 127
161 128
161 129
161 130
161 131
161 132
161 133
161 134
161 135
161 136
161 137
161 140
162 103
162 152
162 153
162 154
162 155
162 156
162 157
162 158
162 159
162 160
162 161
162 70
162 64
162 65
162 66
162 67
162 71
162 72
162 148
162 113
162 114
162 104
162 105
162 106
162 107
162 108
162 109
162 110
162 69
162 73
162 121
162 122
162 123
162 124
162 125
162 126
162 127
162 128
162 129
162 130
162 131
162 132
162 133
162 134
162 135
162 136
162 137
162 140
163 103
163 152
163 153
163 154
163 155
163 156
163 157
163 158
163 159
163 160
163 161
163 162
163 70
163 64
163 65
163 66
163 67
163 71
163 72
163 148
163 113
163 114
163 104
163 105
163 106
163 107
163 108
163 109
163 110
163 69
163 73
163 121
163 122
163 123
163 124
163 125
163 126
163 127
163 128
163 129
163 130
163 131
163 132
163 133
163 134
163 135
163 136
163 137
163 140
164 103
164 152
164 153
164 154
164 155
164 156
164 157
164 158
164 159
164 160
164 161
164 162
164 163
164 70
164 64
164 65
164 67
164 71
164 72
164 148
164 104
164 105
164 106
164 107
164 108
164 109
164 110
164 115
164 111
164 112
164 74
164 116
164 69
164 73
164 121
164 128
164 140
165 152
165 153
165 154
165 155
165 109
165 70
165 64
165 65
165 66
165 67
165 71
165 72
165 112
165 74
165 69
165 73
165 128
166 152
166 153
166 154
166 155
166 109
166 70
166 64
166 65
166 66
166 67
166 71
166 72
166 112
166 74
166 69
166 73
166 128
167 116
167 64
167 67
167 71
167 117
168 156
168 157
168 158
168 159
168 160
168 161
168 162
168 163
168 164
168 113
168 114
168 165
168 166
168 69
168 64
168 145
168 65
168 67
168 71
168 122
168 123
168 124
168 125
168 126
168 127
168 128
168 130
168 131
168 132
168 133
168 134
168 135
168 136
168 140
169 156
169 157
169 158
169 159
169 160
169 161
169 162
169 163
169 164
169 113
169 114
169 165
169 166
169 69
169 70
169 64
169 145
169 65
169 66
169 67
169 71
169 72
169 122
169 123
169 124
169 125
169 126
169 127
169 128
169 130
169 131
169 132
169 133
169 134
169 135
169 136
169 140
170 152
170 153
170 154
170 155
170 157
170 158
170 159
170 160
170 161
170 162
170 163
170 69
170 168
170 169
170 73
170 70
170 64
170 65
170 67
170 71
170 72
170 148
170 141
170 142
170 143
171 70
171 65
171 66
171 67
171 146
171 71
171 72
171 148
171 68
171 77
171 78
171 79
171 80
171 81
171 82
171 83
171 84
171 85
171 86
171 96
171 97
171 98
171 99
171 100
171 101
171 102
171 103
171 104
171 105
171 106
171 107
171 108
171 109
171 110
171 115
171 111
171 112
171 74
172 145
172 65
172 71
172 149
172 171
172 82
172 83
172 84
172 85
172 86
172 87
173 70
173 65
173 66
173 67
173 71
173 72
173 149
173 171
173 82
173 83
173 84
173 85
173 86
173 87
173 69
174 103
174 70
174 145
174 65
174 66
174 67
174 71
174 72
174 104
174 105
174 106
174 107
174 108
174 109
174 69
175 156
175 157
175 158
175 159
175 160
175 161
175 162
175 163
175 164
175 113
175 114
175 165
175 166
175 69
175 70
175 145
175 65
175 67
175 71
175 72
175 148
175 122
175 123
175 124
175 125
175 126
175 127
175 128
175 130
175 131
175 132
175 133
175 134
175 135
175 136
175 170
175 140
176 69
176 70
176 65
176 67
176 148
176 141
176 142
176 143
177 70
177 66
177 146
177 71
177 72
177 148
177 68
177 77
177 78
177 79
177 149
177 171
177 80
177 81
177 150
177 82
177 83
177 84
177 85
177 86
177 96
177 97
177 98
177 99
177 100
177 101
177 102
177 103
177 104
177 105
177 106
177 107
177 108
177 109
177 110
177 115
177 111
177 112
177 74
178 103
178 70
178 66
178 67
178 177
178 146
178 148
178 68
178 78
178 79
178 149
178 171
178 81
178 152
178 153
178 154
178 155
178 164
178 113
178 114
178 104
178 105
178 106
178 107
178 108
178 109
178 110
179 103
179 70
179 66
179 67
179 177
179 146
179 148
179 68
179 78
179 79
179 149
179 171
179 81
179 152
179 153
179 154
179 155
179 164
179 113
179 114
179 104
179 105
179 106
179 107
179 108
179 109
179 165
179 166
179 110
180 103
180 70
180 145
180 66
180 67
180 71
180 72
180 104
180 105
180 106
180 107
180 108
180 109
180 110
180 115
180 111
180 112
180 74
180 69
181 103
181 70
181 67
181 177
181 146
181 148
181 68
181 78
181 79
181 149
181 171
181 81
181 152
181 153
181 154
181 155
181 164
181 113
181 114
181 104
181 105
181 106
181 107
181 108
181 109
181 165
181 166
181 110
182 103
182 70
182 67
182 177
182 146
182 148
182 68
182 78
182 79
182 149
182 171
182 81
182 152
182 153
182 154
182 155
182 164
182 113
182 114
182 104
182 105
182 106
182 107
182 108
182 109
182 110
