100
75 98
30 60
34 89
68 90
73 1
33 73
68 93
18 82
23 70
52 12
88 51
79 4
50 59
74 26
14 73
81 90
23 11
2 58
53 22
0 78
75 34
51 43
79 70
78 2
92 82
66 32
86 98
57 62
62 71
35 95
61 58
7 15
16 60
37 69
38 12
3 41
8 34
11 86
89 55
68 55
87 54
53 75
43 10
37 57
34 72
53 47
31 60
63 99
72 52
20 62
65 75
3 73
10 67
11 99
74 79
6 62
86 12
37 81
74 75
38 8
99 91
56 82
3 19
34 27
71 54
41 88
30 97
13 40
64 24
91 38
56 97
52 42
9 42
75 84
69 13
92 68
57 0
51 60
71 37
40 95
91 81
83 21
78 97
13 94
73 4
85 29
54 37
23 63
31 98
99 0
64 44
69 21
44 72
81 16
61 73
11 52
55 46
26 33
95 39
28 21
96 13
2 26
65 34
76 17
86 40
61 7
61 5
31 95
73 92
68 36
45 23
35 23
9 82
14 37
3 10
2 54
12 56
32 30
42 8
47 29
49 8
36 10
65 68
57 91
60 26
79 57
49 14
80 10
97 47
47 0
57 1
6 22
10 38
99 51
81 48
59 70
10 76
38 68
67 50
94 47
60 95
13 92
6 10
39 5
63 49
59 21
71 69
12 75
21 11
78 55
11 37
25 21
13 15
41 33
17 87
32 29
35 45
22 93
56 61
98 71
62 9
92 85
78 4
67 90
7 78
27 84
52 93
51 93
78 20
81 10
50 68
55 72
61 63
85 59
34 0
21 79
85 99
35 98
88 62
33 68
46 85
13 49
31 43
70 64
53 20
32 60
44 93
24 81
4 10
81 25
41 67
77 29
17 80
32 5
95 17
25 93
55 90
43 86
33 65
50 86
85 34
99 81
79 75
62 83
37 44
61 79
63 90
8 80
22 92
37 17
61 15
11 16
5 6
2 39
71 4
77 56
90 76
89 69
5 41
99 18
72 62
8 32
94 30
24 84
0 85
54 4
69 56
13 25
48 3
53 37
73 57
40 78
98 40
48 22
54 56
54 1
38 78
85 90
15 84
53 69
40 22
78 36
62 43
61 62
46 66
51 71
23 92
84 49
95 90
5 49
91 96
79 76
86 47
12 40
68 53
62 98
41 77
41 54
91 88
20 43
59 96
35 61
62 65
13 68
66 5
64 46
33 2
45 46
42 13
51 57
12 44
86 53
98 77
93 70
66 7
66 36
30 28
53 44
48 19
1 64
17 86
67 62
84 61
28 35
70 40
79 56
45 29
34 39
0 6
44 66
66 62
2 96
42 7
92 43
27 93
7 44
80 26
59 64
88 87
52 58
79 83
67 24
13 53
15 65
59 11
31 25
25 86
74 68
93 66
11 20
60 70
17 92
49 28
8 89
15 60
47 46
22 9
19 90
74 31
8 27
43 82
47 89
1 58
9 61
80 78
5 29
6 13
18 73
26 18
71 22
84 94
31 56
84 57
39 85
14 47
64 10
82 11
99 83
21 60
39 1
83 97
66 54
72 94
14 8
88 45
16 24
54 55
10 69
55 26
79 37
38 30
65 81
69 49
31 87
80 27
0 94
87 41
92 4
65 46
11 27
67 66
54 98
3 44
28 75
55 19
43 73
52 64
22 83
52 29
89 84
56 90
78 95
83 70
51 48
69 63
28 36
29 34
35 85
78 63
12 85
58 87
24 32
22 28
61 12
12 69
54 91
65 89
31 17
71 13
51 6
50 81
21 62
67 8
22 77
75 23
33 40
45 39
31 10
28 96
78 18
