1000
828 590
292 326
92 182
557 253
706 839
70 548
45 727
573 98
612 408
209 816
259 974
25 355
607 768
844 916
484 699
107 664
289 751
991 381
934 900
986 992
92 408
540 489
487 113
587 452
874 148
268 485
123 646
841 730
766 37
998 250
736 105
267 25
208 610
759 494
862 97
486 954
506 27
443 993
492 31
445 366
531 66
204 654
712 45
736 830
434 734
433 170
191 700
195 400
662 306
894 524
404 381
479 910
760 922
255 604
305 53
323 837
119 527
843 183
924 932
13 358
666 798
528 210
498 75
962 160
382 208
37 786
941 516
48 701
790 303
658 96
356 981
285 827
508 480
362 432
412 728
790 431
526 670
641 377
97 955
889 479
163 926
617 457
442 17
158 233
673 816
681 29
149 318
209 657
798 571
441 211
299 231
994 826
253 987
555 351
942 444
182 457
371 152
914 813
169 425
398 842
241 79
224 743
749 433
400 548
356 842
111 656
425 105
834 679
92 389
382 386
833 564
843 556
716 758
370 238
183 120
80 776
552 304
519 301
89 272
201 446
466 664
454 891
769 288
922 213
29 656
951 214
221 795
771 289
905 493
527 440
965 960
216 517
264 88
819 354
712 20
800 178
685 254
69 806
894 344
372 275
0 675
841 573
470 612
863 727
457 742
167 423
702 736
940 319
176 111
673 888
484 825
66 521
431 487
327 677
831 51
952 184
727 793
757 549
758 972
629 567
67 796
990 121
884 283
440 60
746 465
948 230
290 366
751 73
854 431
750 37
834 702
573 913
848 331
463 606
655 444
525 74
240 868
196 125
151 636
537 249
454 486
480 744
852 583
818 58
366 568
96 201
623 21
114 471
352 929
429 360
373 954
434 966
822 982
443 325
971 980
927 425
818 407
169 23
342 339
81 709
260 529
262 235
551 728
706 255
10 487
967 383
793 402
701 968
736 496
645 707
477 572
132 647
331 654
670 674
345 104
735 957
633 349
192 536
77 250
792 87
737 759
823 883
513 876
851 602
373 496
309 202
421 794
849 752
800 520
778 145
976 865
103 609
214 295
498 644
546 290
83 635
401 258
518 267
135 721
221 508
570 530
710 991
676 559
95 476
431 226
622 407
91 77
369 658
372 867
302 270
509 737
258 262
996 128
881 131
850 102
991 420
985 701
763 661
612 858
490 396
84 464
155 528
541 524
186 265
743 840
888 604
929 146
219 925
274 100
408 124
555 399
896 892
452 11
905 65
222 395
813 306
859 968
186 752
845 724
18 940
916 906
545 846
404 764
123 678
216 532
155 123
931 403
15 384
415 921
801 637
668 614
295 528
934 834
632 779
558 650
72 475
908 617
673 664
733 796
695 301
328 202
425 612
605 792
996 372
713 797
361 382
763 657
262 697
491 246
829 401
249 253
228 509
870 253
174 955
50 869
608 730
71 33
342 28
826 338
401 891
487 762
625 602
771 239
652 614
486 481
368 735
734 596
244 956
850 418
263 252
639 871
982 62
257 325
443 435
15 844
326 855
958 304
457 82
543 109
696 381
942 416
116 28
13 713
336 215
483 951
467 123
175 801
537 432
126 980
867 494
176 545
349 487
201 158
569 745
620 617
126 562
34 595
943 399
308 631
614 143
583 433
618 758
234 156
542 713
488 409
559 665
306 908
152 508
418 73
605 38
690 83
953 76
678 896
475 338
527 441
834 462
874 452
220 461
608 762
526 449
523 85
114 830
345 618
690 763
43 295
802 85
378 755
162 409
3 637
99 882
79 933
345 305
738 565
766 698
680 292
147 203
377 613
385 74
583 427
838 626
722 992
712 453
747 874
214 102
863 665
984 294
951 329
600 689
247 366
387 927
11 535
482 740
148 868
815 732
647 653
710 722
645 422
175 744
648 741
198 864
406 182
158 709
512 758
398 111
477 786
38 488
321 520
228 821
740 43
905 740
48 616
462 693
390 989
789 391
730 987
255 488
522 765
198 386
524 596
497 1
734 535
489 407
407 69
229 500
113 486
240 513
454 702
207 845
691 348
588 773
688 195
613 562
960 811
948 836
760 445
837 494
332 678
902 91
100 483
943 565
969 535
78 424
589 285
621 632
986 561
405 26
756 19
588 68
182 536
905 942
333 94
789 665
125 691
108 225
526 52
790 847
587 868
623 177
506 244
809 844
157 567
870 265
586 810
334 120
346 591
63 31
685 204
48 162
895 156
387 773
560 177
620 148
398 244
677 904
840 838
748 998
405 970
263 343
780 949
464 478
892 879
509 930
83 557
92 330
65 480
455 626
9 75
126 407
319 803
663 512
993 411
510 399
733 125
94 513
427 910
991 319
141 500
249 576
409 694
906 475
174 361
101 535
789 227
943 460
382 606
972 375
370 834
126 103
312 573
617 739
483 960
410 977
461 12
553 222
706 812
697 232
173 798
767 314
377 710
775 111
669 747
839 391
934 965
494 246
890 463
985 726
424 747
703 237
759 256
811 817
68 509
49 594
659 817
908 389
879 683
500 900
783 339
291 717
657 138
963 547
601 300
273 377
47 976
966 159
585 778
976 653
639 26
599 298
195 508
687 74
543 188
975 678
879 618
395 536
756 710
436 710
362 61
439 410
38 758
569 975
536 897
628 527
923 580
825 118
88 865
545 983
405 872
662 284
490 409
173 247
120 961
309 482
22 748
244 60
506 165
387 394
63 368
921 338
948 99
809 36
964 354
19 721
226 33
357 68
443 530
315 915
491 976
397 514
725 994
926 583
159 314
330 574
34 603
913 982
702 74
428 389
91 6
423 449
74 218
331 742
133 175
718 530
689 795
876 967
731 36
633 61
962 667
664 875
649 719
301 19
89 81
761 533
87 536
982 514
754 313
256 887
840 326
769 881
122 998
849 853
34 834
266 996
854 282
224 855
353 877
875 443
959 988
328 46
524 310
560 630
975 168
869 816
495 638
49 969
636 898
174 22
85 440
371 939
722 947
146 76
824 21
871 783
361 199
182 885
861 94
867 188
615 736
356 462
375 406
431 363
656 605
738 93
397 461
384 119
408 531
547 584
904 418
720 266
969 254
503 182
700 371
723 315
107 79
777 834
837 560
198 846
165 288
939 562
749 324
34 509
855 581
445 759
352 517
25 673
771 881
208 472
252 931
787 359
362 917
194 200
477 744
398 643
32 337
557 133
13 943
994 868
525 439
980 229
957 357
902 80
238 110
552 490
41 692
850 756
609 396
956 438
140 354
433 524
43 991
657 57
934 651
277 811
442 257
40 751
967 295
184 205
757 736
48 799
780 898
907 741
294 863
180 786
569 613
310 964
956 967
21 243
970 299
406 764
908 447
868 875
94 52
433 851
140 481
2 273
731 909
14 377
124 546
163 45
512 473
10 468
792 31
63 114
682 470
230 943
269 450
818 363
502 251
566 995
84 569
268 815
830 282
192 955
181 707
0 693
532 10
513 676
394 577
142 428
399 725
371 20
175 190
735 678
793 301
673 878
222 941
45 53
575 590
8 756
649 360
449 182
371 315
210 117
244 353
545 643
78 917
663 253
459 398
283 604
51 308
834 274
249 880
327 177
822 687
285 471
47 87
5 770
402 216
887 646
921 785
289 999
54 304
604 865
54 240
469 457
548 656
731 150
888 410
327 710
97 612
533 145
699 539
267 453
107 155
99 28
292 740
27 698
44 983
563 450
223 384
908 772
40 991
274 928
402 601
990 499
565 524
996 617
415 264
70 522
771 522
550 415
262 929
113 659
912 676
461 488
60 369
612 453
361 886
381 115
839 724
966 404
248 315
373 663
579 796
537 702
318 87
117 932
16 230
591 280
258 53
120 670
774 732
123 487
970 857
602 809
581 569
566 181
236 291
196 815
87 733
869 757
172 338
690 540
920 281
172 178
686 293
200 461
377 324
948 348
533 903
509 466
824 75
999 60
367 547
875 806
280 96
564 804
434 254
696 354
887 868
884 574
513 84
35 243
760 335
943 645
238 452
111 62
880 110
122 599
657 349
405 289
445 321
445 231
575 141
585 815
10 821
389 875
906 776
118 666
111 61
312 350
514 775
764 746
238 887
345 247
588 102
889 34
424 334
617 351
828 555
518 190
376 907
65 282
35 184
301 499
597 965
849 463
92 965
209 682
852 906
930 441
9 171
827 785
505 444
488 685
351 7
875 728
266 941
362 654
477 15
153 74
980 354
538 425
319 99
107 524
6 37
317 367
560 144
504 418
940 992
103 292
351 979
372 970
272 734
976 101
750 129
527 82
483 417
859 154
517 967
678 875
356 995
242 917
491 746
335 784
90 438
428 794
769 800
116 393
886 92
494 636
221 22
71 56
791 930
562 308
897 241
183 606
588 777
523 432
875 210
216 966
648 644
112 770
796 228
163 682
672 10
671 245
384 742
301 175
24 863
836 922
456 19
880 397
149 403
829 24
965 45
342 965
41 454
735 189
34 251
871 706
261 542
951 645
636 604
820 661
820 656
935 276
28 815
25 177
570 854
553 535
251 896
500 292
350 588
481 385
839 705
443 100
247 395
97 236
999 269
897 819
278 832
448 306
999 473
835 569
328 388
456 579
636 956
224 987
544 57
724 735
762 167
835 362
914 932
598 914
202 847
85 480
31 885
138 30
359 325
951 39
65 407
970 702
715 546
41 612
604 117
347 718
636 535
432 551
467 382
817 21
229 902
853 612
788 991
642 499
316 945
538 734
704 508
436 772
55 477
384 11
946 83
81 582
618 514
133 438
896 950
811 478
205 665
90 993
8 85
844 677
30 382
411 735
242 199
859 649
28 243
12 974
678 94
556 649
608 42
439 856
992 250
334 549
267 425
894 276
862 738
305 892
120 716
979 363
915 838
364 295
433 377
269 464
471 825
113 431
867 552
287 212
154 622
761 422
399 656
50 261
394 355
505 867
423 837
582 690
27 946
985 461
675 254
925 146
431 390
577 651
294 865
215 448
839 328
222 590
336 272
203 83
979 708
950 754
897 884
444 925
830 781
386 858
387 663
4 171
405 934
822 699
151 389
147 342
717 722
932 54
994 135
137 326
195 439
80 93
323 877
18 505
658 756
363 398
771 720
569 176
654 743
875 157
132 374
499 201
96 431
255 443
566 744
121 761
183 201
206 858
78 224
364 89
980 79
839 103
799 408
279 453
503 506
610 635
233 461
188 681
892 796
476 810
540 597
924 76
799 130
286 229
355 650
670 687
730 509
791 881
269 422
335 772
929 297
759 514
759 948
195 3
744 672
814 284
269 90
712 420
220 999
2 927
1 24
615 83
534 758
965 155
180 652
928 461
949 687
975 60
635 171
416 379
195 582
16 464
672 80
237 244
79 591
172 433
615 139
516 501
897 481
657 429
133 937
891 435
624 218
847 612
389 263
991 936
197 359
753 869
440 990
114 871
933 286
304 548
777 821
50 674
654 59
455 788
996 346
223 620
565 422
584 306
38 928
243 235
287 996
457 79
338 571
303 271
209 959
171 986
132 221
12 787
632 467
927 628
166 502
601 83
924 537
741 962
465 336
198 105
684 7
184 22
578 839
645 139
799 817
477 931
390 489
70 23
308 997
3 826
499 956
261 776
494 3
90 959
339 640
64 24
647 601
398 225
440 44
716 591
861 193
875 251
34 945
626 695
295 630
521 146
586 135
922 80
138 13
392 829
653 456
205 653
409 604
878 850
648 947
793 861
140 668
464 527
966 91
222 261
721 95
759 659
230 34
92 720
399 836
550 404
644 755
57 54
711 936
256 711
235 49
572 375
718 389
902 36
480 476
297 553
572 408
564 154
442 656
875 841
492 777
246 137
884 303
543 596
591 799
307 826
848 232
554 918
621 808
954 453
637 603
6 209
12 922
715 454
579 942
648 423
719 246
912 604
549 455
552 493
606 211
671 455
795 577
373 768
386 680
221 23
283 579
584 295
502 651
102 433
594 750
208 665
348 121
269 897
928 173
742 887
385 766
342 180
343 67
301 81
99 522
456 383
454 392
30 956
44 132
741 990
234 949
655 582
422 277
832 703
450 926
590 187
692 284
720 388
351 21
821 451
895 630
186 349
22 216
657 418
349 398
408 935
700 416
870 122
693 702
825 143
628 767
683 673
51 403
413 403
424 234
206 319
864 392
21 239
960 30
657 661
781 418
597 481
834 467
955 879
521 133
374 501
900 57
174 952
460 587
707 236
174 913
908 38
657 929
629 969
311 287
631 92
57 228
573 243
47 529
474 568
662 848
421 914
258 596
866 718
535 573
307 709
838 215
100 847
496 81
817 807
720 448
252 777
28 825
372 75
706 846
995 720
47 416
635 305
364 853
375 252
427 682
313 265
897 413
465 745
495 282
905 215
82 157
345 110
334 69
537 393
916 884
465 963
652 100
620 17
306 995
269 733
678 582
350 927
348 815
25 195
449 930
762 531
439 459
641 773
529 530
166 445
414 984
760 67
84 380
84 390
375 705
475 405
639 178
333 987
993 710
534 795
640 297
326 79
756 320
204 285
850 723
82 265
707 194
332 143
574 768
886 302
825 361
59 464
891 744
804 237
454 338
32 94
987 710
525 744
30 82
381 881
805 816
498 864
10 182
7 937
950 245
591 127
959 650
591 850
87 201
86 119
296 73
830 173
169 212
255 903
445 412
719 943
276 81
125 284
18 427
529 961
554 488
612 498
691 359
245 778
912 331
250 208
757 80
734 926
292 341
181 738
754 900
33 30
982 511
666 352
938 548
314 845
388 278
695 79
989 940
858 901
272 460
462 29
540 548
307 184
889 489
274 643
389 660
26 723
171 692
428 461
592 94
658 981
372 353
412 713
294 622
966 566
82 428
947 974
976 254
159 866
95 785
861 837
797 887
560 968
932 340
430 524
434 88
857 158
442 270
871 736
892 190
654 327
618 953
301 947
207 812
165 303
950 26
140 747
266 52
716 198
393 498
74 179
938 932
338 732
554 561
468 798
751 474
125 722
669 987
239 186
642 189
564 134
289 830
186 5
380 931
503 807
463 793
91 153
526 645
714 346
443 818
821 921
892 600
348 913
99 581
481 663
715 770
846 254
127 578
185 630
385 648
775 476
801 301
473 868
648 917
38 469
838 930
421 538
843 361
829 294
942 310
309 10
432 507
264 559
86 449
541 823
450 317
652 603
618 125
471 266
394 861
87 584
143 509
474 338
222 304
632 164
966 294
174 399
801 438
310 239
240 852
63 42
521 67
544 469
758 939
330 845
875 474
706 350
812 928
6 797
445 972
91 971
723 892
762 34
484 2
238 547
44 111
966 689
250 510
510 360
449 841
558 677
667 264
379 831
545 385
628 342
709 71
313 433
964 75
819 800
77 409
347 473
520 665
515 122
175 25
483 977
218 393
654 885
9 33
717 554
770 697
896 479
769 562
264 85
637 435
885 67
196 584
540 716
249 55
191 776
433 26
753 651
419 759
889 428
144 958
335 914
655 583
746 776
145 362
861 783
798 98
850 994
34 742
63 283
150 606
412 583
632 165
586 403
925 475
183 421
433 518
336 441
454 434
217 599
796 431
734 594
529 584
941 564
679 356
199 829
314 611
764 298
129 350
701 406
826 236
827 611
107 515
52 561
949 270
160 746
701 895
692 582
831 985
146 510
341 698
691 655
661 455
953 790
158 6
196 984
243 376
595 702
891 648
263 841
270 775
939 971
670 983
905 854
969 52
716 662
102 760
670 763
215 975
554 373
982 102
709 577
478 657
279 722
657 894
915 927
669 854
250 692
189 155
546 158
559 614
821 661
374 491
425 942
466 331
667 800
785 377
729 616
386 8
338 43
254 253
970 924
459 220
616 648
727 514
807 287
480 980
948 855
471 725
797 289
408 816
90 194
193 171
810 579
532 500
974 786
753 944
710 564
516 678
564 244
544 723
531 25
703 831
232 526
909 381
168 669
197 610
863 743
781 25
674 313
525 649
100 630
945 162
546 462
193 111
706 737
834 589
114 538
772 698
416 33
79 584
703 629
194 918
372 976
944 46
289 821
47 741
804 993
904 350
455 97
461 513
186 296
454 653
186 578
351 954
612 783
539 315
412 85
233 784
61 529
182 703
703 230
444 507
575 348
857 30
797 671
895 984
319 349
637 857
927 988
811 891
771 350
206 535
436 792
319 849
321 854
552 24
436 997
531 11
697 741
41 495
764 288
831 83
989 468
940 268
808 751
160 932
454 366
467 890
158 139
91 832
993 644
856 429
993 740
440 42
537 597
121 368
680 110
188 972
378 997
723 538
281 177
257 748
419 767
887 511
599 880
507 808
661 852
548 101
894 381
934 432
330 55
152 10
517 693
982 896
690 57
786 971
587 43
71 358
811 959
221 410
191 728
570 853
932 118
306 827
851 241
611 181
648 763
543 518
456 877
414 498
287 552
821 874
596 893
232 407
204 454
169 747
534 740
600 467
210 259
294 414
500 905
947 500
20 843
370 829
720 136
679 7
689 853
233 285
98 466
44 302
272 213
49 806
305 2
625 868
261 919
282 113
176 581
965 549
424 336
730 497
472 761
504 161
614 90
798 712
556 842
366 180
408 416
986 65
770 964
933 31
235 567
496 412
149 461
313 925
149 395
422 622
156 279
135 771
369 934
835 925
128 202
457 536
970 443
602 740
407 887
123 995
455 619
407 956
432 72
881 582
819 304
556 975
583 43
98 952
977 934
229 106
488 686
994 458
481 948
550 241
836 673
236 643
644 995
599 76
419 480
658 238
136 566
565 719
610 664
23 939
950 604
45 790
642 392
248 124
340 150
717 528
823 305
171 819
652 770
895 71
603 906
309 739
472 226
811 434
890 834
374 192
791 771
982 433
163 582
909 856
732 626
384 907
931 556
726 583
678 622
6 633
880 667
373 352
894 536
139 136
370 513
329 513
284 311
947 448
894 856
304 626
483 40
534 766
948 260
702 627
234 60
612 114
728 985
819 622
873 958
758 596
471 439
109 107
751 56
555 997
913 211
623 748
604 509
866 552
122 920
531 708
981 144
175 709
481 346
683 355
304 793
951 127
233 60
586 984
469 142
981 382
705 956
818 700
214 940
621 745
648 602
241 823
663 723
169 346
430 825
139 733
304 724
793 891
708 614
385 41
996 442
350 830
752 168
531 318
108 504
63 108
106 657
284 121
380 453
819 162
631 958
895 287
683 40
178 743
655 915
137 3
358 487
655 717
780 115
573 195
223 679
852 507
152 584
313 971
98 296
281 993
583 316
386 114
412 41
29 549
44 739
388 230
201 395
299 333
510 872
881 85
903 85
945 55
22 610
378 120
906 660
114 841
976 852
955 388
893 337
76 677
872 630
72 171
315 934
396 196
372 299
634 669
707 656
631 85
776 889
745 242
730 74
94 686
814 987
23 104
629 451
133 501
81 206
24 397
492 420
945 216
720 579
237 779
235 868
864 364
757 962
606 488
388 701
526 202
40 901
306 21
352 440
522 786
998 547
535 842
967 832
411 39
412 648
170 999
869 35
363 626
349 322
466 737
375 344
291 415
437 950
390 311
736 740
210 623
582 178
455 345
569 219
994 740
219 863
127 934
841 828
608 660
917 983
4 208
751 602
158 540
552 900
851 640
992 62
263 927
592 70
272 513
290 266
253 861
481 732
795 323
912 404
335 829
739 339
390 490
941 900
30 845
801 882
837 793
296 452
720 240
523 345
753 813
611 359
674 445
91 821
120 356
577 455
185 317
794 927
807 88
828 190
285 981
72 123
126 720
575 199
960 450
544 713
263 507
424 289
952 516
463 424
224 40
879 409
709 26
337 869
466 517
59 751
498 483
226 624
203 802
175 515
604 719
580 220
579 5
509 531
873 324
956 97
717 187
506 426
213 195
295 679
712 706
783 562
189 9
539 744
163 714
259 768
786 840
988 365
845 849
248 70
174 204
167 243
744 25
21 957
221 669
989 285
375 772
200 565
133 739
661 297
805 921
417 943
113 757
308 310
606 557
380 132
113 547
375 857
572 397
167 145
418 508
783 793
632 983
710 765
74 372
414 231
645 831
175 758
588 483
68 547
392 800
679 858
347 407
715 271
417 574
742 200
367 374
535 430
140 609
802 554
192 447
738 367
557 326
203 625
873 595
777 905
453 124
664 521
395 820
755 164
746 850
716 465
576 603
895 68
564 697
975 757
496 713
124 53
391 327
30 265
923 807
522 728
283 186
249 31
6 357
547 104
569 135
867 465
204 432
514 179
189 11
892 665
416 635
993 447
900 268
606 774
996 890
960 598
273 318
955 820
422 866
84 344
1 304
809 205
88 323
736 277
686 980
294 103
616 287
902 868
555 508
643 904
750 955
502 23
274 809
844 48
27 280
392 28
584 553
586 672
229 322
301 915
303 596
370 919
235 624
787 143
133 430
47 235
738 901
259 364
62 455
412 89
735 157
469 672
62 55
696 291
378 998
559 681
946 281
952 181
906 739
676 391
522 723
626 260
976 237
624 390
692 388
831 780
897 301
804 312
356 500
603 734
850 514
767 148
796 719
682 54
811 358
445 333
434 71
945 410
661 921
153 705
309 984
837 559
285 641
871 642
494 826
728 344
341 848
493 489
567 175
895 730
885 340
63 319
763 360
730 424
281 235
130 943
219 967
502 505
961 373
499 455
551 227
799 244
75 644
85 995
171 980
725 57
320 141
376 84
501 458
860 783
693 990
726 265
310 580
770 271
305 269
726 856
496 877
101 924
874 186
919 45
167 996
454 839
137 183
923 639
641 784
774 687
126 852
952 788
432 74
59 737
343 137
593 191
367 46
467 241
585 386
638 752
735 93
943 872
628 867
863 621
3 989
308 481
841 612
270 625
38 681
362 381
171 308
925 538
706 392
131 291
131 121
395 866
566 339
558 954
816 913
295 476
394 137
89 16
114 127
698 477
861 869
137 786
759 843
178 242
487 661
363 882
527 930
573 618
124 131
924 292
396 571
769 791
708 210
807 175
337 857
652 550
78 141
688 837
336 219
79 823
880 795
58 408
77 983
378 201
467 654
494 863
225 615
6 286
825 166
461 514
23 465
65 102
958 753
939 294
324 371
470 205
518 880
965 595
863 695
148 682
349 994
546 926
609 552
564 434
718 25
949 94
842 366
196 800
119 487
447 444
210 917
1 728
149 966
323 12
661 472
47 362
466 593
640 76
497 205
862 568
230 811
662 425
529 210
225 649
697 672
445 260
941 798
988 90
116 664
455 777
488 502
491 954
447 131
382 296
688 597
864 919
760 878
696 290
440 921
291 490
946 88
750 887
886 90
330 2
754 785
131 242
639 622
549 86
105 283
734 794
880 951
65 641
829 761
931 622
34 222
112 332
310 214
220 548
304 902
550 411
39 681
5 678
655 554
116 112
838 850
258 70
801 675
63 983
788 994
605 823
568 69
155 230
283 727
778 939
629 680
350 20
713 356
698 720
262 166
185 452
369 443
523 170
119 938
505 907
285 462
82 853
883 590
436 166
669 566
458 651
599 160
671 312
868 370
385 131
888 570
583 257
13 458
780 484
749 285
744 34
100 178
239 983
768 675
502 438
242 960
89 841
120 760
505 341
482 890
472 371
460 407
980 826
218 760
662 967
46 758
1 498
937 240
481 57
268 983
495 862
943 936
55 416
49 560
109 531
803 581
254 615
340 587
441 910
347 456
877 745
214 230
243 503
823 725
561 91
708 408
305 4
345 360
772 394
272 881
277 427
814 884
43 506
471 836
417 170
292 294
916 859
877 511
362 700
236 275
143 297
684 448
653 29
160 777
775 784
10 404
212 824
288 255
330 111
443 747
282 88
394 550
947 623
61 661
323 298
937 818
947 621
618 600
2 778
729 129
914 739
533 126
563 174
733 245
637 177
345 271
265 91
821 212
714 883
225 389
533 162
559 832
135 177
784 489
307 513
970 221
252 856
348 167
30 81
764 19
610 461
291 875
552 112
439 618
347 665
359 232
179 918
64 667
95 200
508 402
713 479
976 965
335 676
484 717
757 249
736 720
710 27
595 615
492 387
233 191
404 593
424 583
511 840
602 959
41 463
713 754
942 689
72 629
365 908
346 475
157 434
195 220
814 142
187 306
529 420
497 933
365 273
869 229
540 507
934 253
613 228
295 685
857 12
594 555
487 103
990 34
675 804
177 862
462 58
635 311
992 352
585 213
581 51
36 473
558 323
727 523
551 374
209 761
386 155
316 226
610 658
612 286
462 141
500 924
200 135
236 544
488 173
757 421
224 793
895 134
468 974
657 20
348 218
133 86
725 801
664 336
460 277
974 274
418 474
551 618
610 787
514 450
312 271
871 888
417 766
374 885
92 31
257 792
602 390
879 679
544 543
367 4
172 341
278 591
168 829
561 130
968 76
580 632
699 803
520 468
922 894
354 14
278 963
807 880
706 38
911 250
581 279
606 754
620 236
697 140
418 258
270 386
686 202
371 386
6 891
854 928
786 560
294 416
524 101
296 582
139 207
832 73
838 438
179 459
674 228
951 92
486 574
831 525
776 202
911 134
445 117
414 583
678 61
999 554
162 295
136 654
855 320
79 693
110 610
504 136
838 808
581 676
382 412
201 510
966 112
645 411
582 411
347 612
472 346
518 987
642 654
993 849
326 72
894 436
34 751
572 872
559 153
548 941
917 750
451 235
214 448
999 148
212 346
760 684
692 278
671 686
284 664
535 610
88 782
398 122
533 971
994 444
476 895
737 394
997 540
629 211
989 628
712 201
974 472
237 19
751 909
705 387
925 593
998 366
375 396
488 260
719 835
56 196
730 793
942 79
333 571
290 674
552 354
227 878
827 465
897 930
726 603
317 3
548 667
369 275
416 210
535 487
45 943
683 127
736 625
206 421
549 848
448 101
203 675
331 30
492 229
312 570
184 981
574 84
1 295
359 417
505 246
904 550
189 940
29 277
917 235
698 466
436 498
919 639
174 603
21 18
184 685
589 720
666 515
804 667
810 163
436 316
409 693
218 598
633 600
875 902
187 925
721 623
424 640
614 950
595 987
968 779
672 909
499 691
424 303
710 587
818 147
255 227
840 825
177 825
425 404
727 965
330 800
588 106
793 555
56 388
542 376
168 567
638 19
610 414
675 320
1 493
467 608
73 659
434 250
836 211
655 916
176 337
716 117
795 509
672 203
898 566
579 418
133 569
437 95
984 112
416 985
606 235
594 679
247 380
281 83
591 288
351 120
977 68
237 772
929 909
975 179
827 907
597 313
476 387
408 460
499 824
798 457
60 744
488 307
476 122
742 67
410 94
539 740
514 776
512 443
685 840
623 513
99 572
826 927
959 586
740 811
411 890
620 823
634 461
130 110
583 224
529 345
318 69
85 832
197 950
628 235
142 251
100 241
175 278
168 135
864 908
946 275
798 918
98 784
379 580
246 962
157 128
308 475
549 745
660 746
695 288
981 837
891 433
430 66
711 599
553 576
859 851
851 10
770 302
146 149
234 393
112 391
873 772
219 774
517 231
872 565
871 206
402 114
639 833
180 351
784 86
927 995
937 130
5 707
432 152
209 19
897 321
762 122
896 962
564 768
879 435
974 282
549 614
467 82
317 251
520 244
246 457
374 604
517 159
108 78
530 357
751 292
479 196
626 727
510 542
847 390
330 174
24 231
140 491
665 457
94 185
701 692
995 427
296 864
586 756
942 116
113 693
761 944
889 739
23 751
281 871
141 963
45 517
195 537
8 860
994 454
46 695
147 41
122 443
257 61
552 199
529 665
892 642
962 133
381 985
236 15
208 378
978 605
142 256
34 136
710 432
183 209
825 658
653 82
719 205
222 525
243 184
10 624
522 246
991 730
976 970
336 224
495 478
832 881
967 894
313 150
104 490
808 109
572 527
666 205
128 888
82 723
425 92
699 947
29 667
13 365
243 508
196 75
390 163
970 55
313 426
546 122
535 470
1 201
28 481
441 110
204 866
555 904
165 598
947 195
617 960
912 861
820 108
288 562
623 258
618 937
684 516
411 571
338 412
772 366
246 214
829 450
432 384
706 950
982 5
497 599
317 761
812 138
870 101
700 845
711 670
782 748
538 545
319 877
958 444
595 556
10 424
6 442
808 65
744 142
70 593
94 388
355 258
878 577
359 930
422 71
953 205
171 843
102 490
720 60
934 316
968 296
92 327
91 253
392 835
395 814
429 841
554 784
100 784
361 811
715 135
234 20
340 405
863 443
248 936
855 534
604 176
831 696
503 922
949 895
109 697
61 538
538 968
674 990
752 387
802 819
523 36
839 215
442 703
10 42
639 218
576 243
394 407
291 897
329 241
144 439
938 557
329 828
525 4
819 630
743 621
449 266
9 641
834 803
344 844
845 335
414 422
930 808
829 221
57 511
814 201
302 752
759 631
581 636
987 752
266 731
725 716
349 734
357 535
890 53
380 87
740 794
509 22
955 691
595 12
554 410
566 856
514 325
487 447
961 827
551 228
558 276
296 259
363 5
795 605
410 527
692 502
673 554
876 628
245 471
993 151
233 559
7 100
236 846
899 197
673 451
777 583
727 425
843 442
782 990
47 544
517 740
46 542
294 922
171 891
746 516
42 979
75 49
79 311
247 979
860 921
504 861
767 699
304 550
689 351
94 558
443 141
101 737
415 624
980 161
140 22
493 567
423 572
878 671
903 90
592 37
432 448
899 200
148 203
750 189
906 844
748 350
337 201
439 753
825 420
266 965
794 759
532 570
684 762
241 939
204 185
977 637
985 876
837 133
431 939
323 337
783 423
687 473
624 479
578 449
899 844
766 45
956 650
615 640
764 856
579 320
393 908
957 379
784 146
864 215
85 539
905 221
962 944
46 938
423 624
739 674
820 505
720 776
507 687
768 623
896 700
944 289
608 253
20 745
400 885
312 837
424 217
58 739
162 104
677 937
80 417
612 901
274 684
29 134
371 150
757 267
850 701
557 458
307 929
203 707
814 516
896 591
85 955
330 599
411 359
537 492
776 149
745 403
833 126
537 556
276 646
824 126
700 733
662 492
66 829
360 962
420 446
269 102
45 33
461 582
525 238
83 622
993 268
100 530
825 377
176 1
855 876
734 792
235 748
285 301
577 645
264 997
91 885
99 489
918 561
71 795
151 507
417 496
775 870
26 600
247 554
953 102
783 687
895 370
436 532
672 365
177 288
363 621
173 814
110 444
727 533
239 230
40 9
726 168
879 104
120 126
11 74
580 146
761 475
516 549
7 188
915 537
828 630
158 2
444 620
446 524
153 37
754 546
46 833
714 925
937 834
403 948
908 984
446 22
811 963
571 171
503 838
708 332
468 218
686 265
838 132
141 343
521 895
241 568
80 955
845 18
142 249
318 50
233 765
424 44
80 996
215 583
186 275
493 601
272 683
85 413
379 607
660 620
175 741
928 20
759 70
269 429
472 854
546 897
251 626
245 818
210 431
94 125
438 939
727 710
975 812
123 706
771 136
326 946
877 606
319 636
28 940
417 501
795 964
750 46
590 347
864 800
130 310
278 569
602 5
631 577
169 107
283 941
243 961
239 120
920 558
108 948
499 525
801 646
489 551
44 80
250 260
232 381
571 510
950 173
867 933
102 389
40 737
330 283
698 921
403 618
832 511
919 331
389 720
329 878
624 373
310 874
633 543
255 556
405 557
81 273
491 183
662 531
920 344
167 971
617 922
941 449
786 860
132 175
581 461
405 205
834 716
431 820
611 687
376 368
596 458
641 87
993 655
971 914
351 490
237 969
412 178
770 198
391 903
725 324
364 131
529 199
199 312
371 810
999 747
178 948
205 172
387 199
179 358
465 883
200 54
204 613
232 974
163 975
877 241
299 594
372 180
793 571
493 164
733 844
792 469
435 180
20 967
890 837
850 91
891 54
56 475
380 571
451 258
812 102
852 536
283 997
459 128
513 544
972 776
808 117
597 243
297 969
562 539
806 412
982 697
818 38
525 199
962 976
809 126
78 13
663 713
362 474
19 814
3 827
931 953
422 580
274 985
471 81
749 454
130 568
844 655
767 806
983 928
933 62
941 948
775 303
422 969
530 441
783 885
620 66
838 43
998 113
380 469
546 129
275 28
697 120
684 816
926 667
744 211
81 37
159 209
692 934
178 222
727 313
108 348
731 298
743 729
763 123
550 661
252 826
690 302
298 726
470 224
745 567
788 827
604 299
388 297
233 918
871 313
231 979
661 314
630 756
395 393
231 945
407 835
123 97
137 421
823 608
998 568
175 138
747 131
437 135
780 23
405 652
336 988
983 349
302 613
105 697
359 688
995 766
523 118
863 661
892 38
621 890
606 148
28 706
279 817
193 60
840 599
64 176
587 47
877 242
661 982
939 372
670 286
138 546
757 353
207 649
743 180
891 349
328 271
407 959
88 601
371 281
552 435
457 491
483 335
733 496
669 25
868 692
311 358
238 68
63 797
329 960
507 9
583 915
968 24
305 420
911 962
801 645
458 471
22 678
515 685
36 105
754 451
254 175
488 765
592 71
32 912
95 900
604 400
320 84
515 231
46 316
228 505
139 602
535 6
288 572
463 394
375 717
569 633
652 57
750 596
129 782
861 576
682 465
977 354
901 844
937 948
512 518
805 652
120 340
10 408
264 474
802 640
543 372
273 196
781 375
792 910
157 653
487 191
471 816
545 724
660 482
672 172
0 829
176 121
170 539
881 786
13 684
426 556
408 51
104 189
426 249
452 935
254 291
126 77
107 671
802 119
506 826
643 858
656 172
331 178
711 213
964 76
249 743
984 657
794 89
846 573
690 650
860 944
941 987
22 400
10 824
871 868
650 515
727 658
39 58
836 102
623 801
178 872
896 514
529 42
955 728
615 645
378 476
942 672
815 964
72 177
140 296
46 142
163 125
801 202
183 989
656 159
142 834
31 38
700 561
81 656
641 696
653 371
524 595
43 691
911 468
869 51
764 267
546 927
392 699
481 927
688 137
86 831
323 118
869 23
31 950
31 24
999 685
395 875
632 791
919 544
259 140
947 375
407 493
654 151
192 135
430 233
272 517
416 947
987 285
322 370
588 354
394 939
391 141
166 23
932 85
567 191
577 515
918 336
8 572
839 553
707 270
138 331
787 554
630 126
839 953
496 779
307 242
70 698
383 237
73 316
674 641
859 604
156 778
940 516
702 780
421 762
50 559
445 189
113 76
667 305
29 515
436 688
757 507
738 492
96 811
808 122
804 20
726 312
150 19
181 852
151 602
614 553
514 60
742 979
488 761
636 517
276 73
557 385
932 647
877 380
458 38
502 615
410 581
927 560
600 460
412 751
63 379
304 929
791 398
908 279
511 545
148 787
970 705
172 902
352 401
282 162
791 136
129 201
717 57
761 669
869 526
772 932
905 76
213 696
826 474
975 337
371 475
476 341
180 0
595 884
402 229
398 193
365 528
395 435
937 508
104 806
34 877
91 291
305 304
987 484
778 314
821 501
141 650
842 321
650 437
557 404
18 956
950 384
836 697
819 773
205 275
579 592
152 22
883 458
942 809
889 115
311 31
117 153
704 768
943 262
524 961
570 474
697 406
523 868
531 81
144 462
673 296
485 908
106 164
483 400
973 373
868 636
756 985
790 812
105 85
74 630
398 996
456 96
402 332
316 933
413 460
396 438
109 233
346 215
397 182
968 722
907 836
359 663
827 927
938 902
909 336
250 365
784 5
49 453
938 462
913 686
900 22
271 599
590 20
133 558
743 40
746 454
55 919
307 882
198 597
136 107
285 387
825 70
392 874
523 682
689 788
721 589
163 992
540 753
13 673
663 108
65 409
914 120
680 573
355 879
170 491
986 455
230 163
877 622
38 752
657 727
541 378
668 704
722 561
809 87
586 472
195 652
124 265
34 479
144 204
323 131
12 553
646 889
176 36
642 185
115 183
915 784
239 637
697 400
725 283
224 272
287 457
86 764
74 120
243 219
677 566
702 689
120 348
930 648
385 572
833 500
107 748
636 698
737 685
98 814
969 322
87 608
131 525
372 206
645 968
425 674
886 127
715 358
827 646
6 564
570 191
65 30
291 53
728 381
739 827
195 60
501 634
668 633
159 393
191 157
713 616
831 599
95 899
958 274
897 316
839 819
860 256
849 503
309 578
884 400
460 610
714 481
243 874
226 786
31 939
754 214
890 849
465 200
476 362
517 315
182 729
923 383
232 584
313 117
985 70
549 797
681 263
630 276
489 208
63 872
499 169
87 390
19 904
590 847
619 459
514 153
540 437
536 773
373 850
242 710
272 791
508 305
406 490
934 896
51 349
768 550
518 207
940 889
112 883
736 83
694 250
236 587
39 772
712 413
974 954
475 247
97 335
552 503
826 486
399 877
835 520
427 354
79 720
243 191
955 332
626 1
582 862
588 974
987 300
739 961
606 214
208 703
550 761
559 376
599 958
605 787
830 384
141 910
456 736
453 763
68 80
765 3
942 705
977 281
358 716
243 964
930 451
20 832
564 579
560 164
889 165
951 720
902 444
630 358
474 601
515 239
604 810
296 581
443 654
649 686
971 931
138 991
764 54
570 324
570 459
842 873
531 744
317 513
454 850
949 280
803 816
871 407
978 168
340 422
174 989
108 145
272 598
136 36
5 58
713 575
870 555
449 401
651 118
267 457
320 568
738 123
736 609
882 715
129 222
489 304
563 949
449 836
900 938
872 905
348 585
480 218
492 281
972 495
752 591
305 72
159 43
548 895
4 430
962 486
5 803
790 568
753 591
404 653
881 629
910 230
214 742
800 59
24 124
554 776
67 859
200 226
254 100
474 611
531 788
97 888
592 239
456 345
830 861
350 64
490 612
646 56
354 446
467 378
923 374
506 990
585 59
569 192
159 395
803 42
183 252
930 775
491 387
472 673
600 174
737 90
786 383
498 141
182 966
871 457
692 378
447 277
437 368
469 596
763 272
991 947
524 921
74 367
308 547
41 908
73 130
350 860
866 201
353 48
519 224
505 211
602 304
488 391
25 958
340 788
582 331
87 459
252 162
826 913
61 219
173 134
702 524
994 568
77 347
616 596
924 473
807 878
129 295
270 154
605 610
295 188
293 382
999 545
544 177
810 605
749 984
740 451
860 86
19 937
786 987
533 710
812 340
940 941
987 210
448 945
172 743
485 465
125 484
363 22
13 173
979 762
509 71
213 369
158 584
306 296
571 191
358 383
883 298
677 223
861 125
168 33
220 653
851 345
489 566
719 502
739 699
265 601
770 830
970 280
415 629
576 986
820 934
722 704
585 399
927 446
876 447
479 96
100 682
793 589
248 513
91 340
212 708
941 334
539 263
615 306
892 191
292 713
478 366
769 415
117 48
861 993
495 692
441 947
727 235
536 975
100 979
667 312
40 608
998 931
872 613
237 116
157 881
829 987
248 950
402 365
350 615
711 197
307 152
144 34
739 32
362 839
364 29
151 404
638 150
335 862
115 572
978 272
453 160
259 53
462 661
419 813
276 482
10 936
634 507
322 374
539 684
213 903
714 717
307 704
219 994
918 334
918 248
959 724
408 218
777 223
232 548
36 860
30 398
796 17
905 471
391 797
155 956
700 221
673 360
277 244
706 195
931 625
444 890
701 204
460 478
427 692
379 815
905 761
214 701
778 471
524 169
620 680
478 321
901 503
33 531
748 739
726 679
716 170
921 417
727 381
248 154
426 627
970 331
388 536
384 519
359 909
40 980
589 518
653 842
22 686
373 770
425 452
801 494
974 722
911 701
455 511
856 881
490 178
212 231
714 597
750 73
858 790
405 799
309 58
993 683
744 719
805 522
171 606
368 145
680 279
847 135
143 55
369 633
233 933
864 299
882 966
724 740
757 130
539 418
188 533
101 285
252 906
159 775
864 527
920 544
158 119
31 301
174 400
287 759
686 503
58 568
470 783
309 227
265 200
997 805
733 98
90 337
4 601
112 868
128 385
764 287
504 147
940 31
900 227
790 586
731 201
154 553
984 815
132 601
16 129
406 101
227 849
439 583
450 903
803 579
640 567
218 145
714 510
528 966
90 318
552 173
871 707
726 207
522 858
808 890
987 215
992 214
416 783
149 866
38 952
797 679
519 367
824 585
878 704
904 968
374 456
141 246
515 867
453 390
77 614
280 64
181 624
630 597
407 779
463 446
731 613
125 602
980 301
539 210
5 443
178 731
252 671
977 767
890 783
157 967
397 790
383 578
414 13
175 174
792 990
620 875
829 936
750 369
498 107
164 29
838 416
700 168
536 591
951 45
910 348
835 294
926 602
659 453
776 804
795 748
679 751
197 509
39 947
230 537
406 746
566 596
163 619
764 699
562 715
744 472
415 932
118 693
534 778
146 310
582 294
410 613
45 607
474 436
906 704
325 312
451 892
908 966
863 25
17 425
92 113
897 508
45 368
201 579
146 700
241 80
346 3
693 743
610 168
179 516
224 504
180 27
748 441
993 611
466 362
388 558
476 286
418 521
6 972
453 152
24 46
232 370
50 925
113 660
445 644
529 670
500 709
697 601
502 43
564 968
405 953
879 233
591 297
107 597
621 560
749 645
958 333
367 360
610 832
373 56
828 902
78 329
963 775
282 466
170 846
786 928
799 665
161 742
315 268
339 288
180 440
934 491
773 653
851 736
838 224
792 666
478 870
347 442
997 629
260 520
476 46
800 627
712 961
370 379
582 709
667 114
150 953
957 275
607 809
363 797
385 155
463 864
377 811
440 918
599 268
964 399
896 28
712 266
759 294
975 427
761 477
732 718
105 339
879 468
488 265
976 952
481 705
115 139
432 555
57 31
176 21
430 72
402 143
338 161
588 902
495 321
973 952
12 852
420 501
469 748
805 950
454 920
89 886
827 146
270 3
520 700
427 274
195 765
435 337
783 376
239 630
49 212
582 413
417 2
266 238
751 71
189 557
343 630
443 523
129 65
526 1
118 954
275 313
71 710
650 206
438 242
836 487
806 418
253 575
773 519
814 876
943 355
433 286
985 228
809 114
294 688
467 412
994 742
77 417
805 80
976 595
322 812
83 128
583 688
704 356
207 870
584 502
225 17
789 210
597 950
677 243
990 144
655 336
239 733
106 396
165 82
991 487
894 426
967 477
114 23
185 674
893 769
176 118
138 317
681 88
620 710
331 610
206 339
299 445
424 405
841 589
487 833
76 733
259 395
563 726
419 748
400 312
870 576
783 360
894 464
448 514
174 132
476 380
471 775
178 895
532 19
484 19
204 912
105 816
307 668
542 726
768 294
39 638
870 822
351 764
638 151
630 164
283 107
544 754
234 722
649 767
94 485
138 650
397 243
818 705
263 360
431 32
654 822
22 877
996 373
993 986
525 624
150 160
83 695
915 317
769 916
436 215
402 927
866 151
522 684
208 786
397 992
818 403
814 840
280 163
566 626
149 443
250 300
603 333
347 870
2 468
787 791
684 541
718 902
44 240
938 253
378 687
245 196
91 411
389 723
574 307
349 76
750 951
728 705
636 75
576 991
543 715
782 579
256 852
833 652
444 772
905 823
459 150
371 902
562 760
626 488
419 327
564 169
279 292
875 267
719 803
258 615
518 40
546 126
244 380
778 689
152 36
864 963
186 235
866 100
348 844
941 767
523 857
289 154
502 516
422 221
319 680
188 189
73 735
315 317
115 445
358 619
481 574
934 20
810 800
120 510
996 61
629 520
919 918
674 421
434 96
994 105
129 183
294 202
270 609
871 737
407 582
708 888
156 642
908 318
443 381
828 791
794 458
311 65
728 338
838 515
434 833
620 915
368 267
117 990
228 341
727 635
923 435
524 79
77 432
398 872
165 578
664 960
388 327
25 117
665 864
632 452
697 604
367 417
871 837
407 100
178 486
735 453
921 611
532 350
396 282
575 561
213 591
521 601
270 547
70 936
763 54
740 812
659 459
229 882
648 988
982 178
474 70
631 747
681 164
449 77
798 376
639 11
967 160
965 238
59 35
526 822
442 618
634 101
429 215
983 78
555 318
256 29
388 888
128 69
404 930
499 554
306 138
918 274
650 235
864 62
622 390
236 64
360 223
165 789
438 501
867 994
819 476
375 559
716 856
628 472
786 479
26 444
617 296
718 620
531 934
34 154
676 270
218 36
493 736
826 284
237 45
630 408
521 5
967 589
213 947
61 351
427 440
796 396
736 866
368 268
801 402
774 477
25 344
866 518
80 692
154 669
89 784
77 963
142 396
552 355
344 614
707 123
406 503
519 142
721 240
762 522
642 536
352 19
233 218
890 313
262 44
983 703
181 412
666 323
809 219
30 153
185 89
276 591
944 147
85 666
387 848
188 382
736 892
753 969
110 643
635 724
688 618
428 869
382 94
544 191
665 574
344 202
664 972
145 608
472 583
274 211
431 815
945 519
59 699
841 522
342 476
246 30
446 26
251 828
473 795
20 490
370 716
693 386
41 190
994 513
773 621
76 556
788 22
428 847
721 269
369 63
745 616
446 543
994 49
371 467
845 743
958 567
812 3
953 853
193 299
718 319
920 794
875 60
816 303
908 889
572 277
305 669
245 751
564 240
800 288
59 997
31 17
564 843
20 517
48 566
817 766
885 89
561 760
150 729
416 410
619 340
687 924
10 285
27 926
877 179
214 936
529 246
954 93
441 326
963 490
244 132
256 129
221 169
242 723
899 658
133 870
998 173
146 360
458 173
639 335
704 853
623 233
99 929
679 893
608 642
383 852
126 991
982 699
161 224
423 412
234 908
282 584
81 428
297 891
953 936
578 9
789 202
595 241
131 274
486 739
268 869
592 394
860 926
93 373
502 868
785 736
777 419
672 210
847 321
102 152
257 680
514 399
882 109
992 366
735 478
105 355
699 49
101 911
975 546
285 829
415 70
565 544
842 590
754 41
911 856
194 521
537 708
272 771
169 616
137 904
94 595
611 145
644 712
56 972
258 341
801 673
764 719
569 606
661 324
647 924
180 193
445 69
253 69
193 422
685 330
678 131
925 289
276 922
353 333
246 612
26 47
637 790
118 207
748 779
531 748
704 63
941 501
485 547
571 678
321 608
8 352
740 286
993 16
560 347
701 806
959 728
853 596
870 324
803 619
103 334
367 159
750 660
661 235
207 584
913 529
192 273
881 932
911 874
301 471
573 2
277 532
730 483
129 601
807 284
572 262
971 291
422 721
951 435
308 511
19 573
392 211
846 625
144 110
499 797
581 73
799 859
957 882
694 438
483 853
723 407
115 694
698 537
767 1
972 427
512 343
0 904
555 198
529 51
308 381
848 890
806 647
101 763
529 147
554 364
0 277
771 115
323 821
5 442
823 329
869 335
673 869
592 228
419 473
631 728
854 479
970 660
478 71
776 360
570 330
76 570
959 200
685 634
21 42
76 844
372 945
532 45
166 476
625 585
949 608
665 804
87 635
816 917
58 944
277 628
626 706
198 585
906 236
571 927
278 647
124 2
944 8
47 462
484 24
400 785
632 65
941 71
701 758
341 111
54 970
92 33
676 642
618 582
878 190
510 509
189 986
511 134
994 911
948 830
287 348
615 920
414 557
343 467
667 684
930 73
655 22
106 683
665 77
266 895
619 128
404 808
114 268
294 460
179 243
642 818
943 609
738 357
166 434
176 185
470 459
259 477
481 717
161 498
794 427
394 413
907 798
222 373
418 868
185 949
111 827
768 55
436 858
764 955
292 293
492 115
752 103
592 585
821 105
84 615
884 478
381 791
628 955
164 47
823 349
528 764
623 458
272 267
103 116
734 855
220 327
441 41
432 525
8 669
355 741
460 983
696 977
30 520
326 379
807 855
495 501
172 470
311 796
90 415
912 824
270 484
151 63
877 936
940 238
957 295
979 417
631 676
394 13
548 73
392 355
280 240
208 452
710 519
600 800
934 864
977 557
349 480
972 226
416 265
464 373
560 444
143 191
120 889
205 668
962 949
375 242
189 583
46 252
454 646
404 741
511 381
298 860
862 622
438 630
887 903
4 800
699 499
991 171
388 548
191 351
850 566
945 391
501 992
643 955
638 48
696 501
429 346
713 291
969 504
922 208
407 278
8 106
777 352
629 517
252 820
220 102
386 166
494 239
158 137
546 148
537 595
2 967
293 67
610 262
571 532
823 978
162 831
436 939
183 65
809 436
885 29
538 623
195 384
214 705
874 761
206 411
356 208
730 649
275 341
264 847
225 87
177 388
270 614
679 454
31 488
890 269
870 780
244 417
517 459
123 391
572 329
154 928
537 885
929 164
226 545
11 803
984 189
191 255
155 871
359 303
807 581
435 52
999 952
863 122
343 435
803 850
715 340
735 996
856 313
542 868
116 878
409 308
485 916
531 546
454 242
201 262
824 637
666 823
589 529
297 285
316 100
135 31
792 222
27 648
535 569
868 651
800 277
311 285
193 842
184 0
85 385
614 261
374 280
84 316
161 381
601 477
833 88
508 625
310 535
273 845
457 142
848 609
771 512
246 317
354 782
317 791
520 931
52 894
563 488
210 724
221 811
553 54
251 413
679 561
300 305
758 109
799 607
718 570
119 317
239 825
99 556
969 619
487 373
514 402
862 76
478 83
240 31
138 491
796 169
53 97
474 811
558 273
770 629
196 241
946 435
419 45
992 388
17 831
113 883
586 327
959 64
763 199
448 253
691 244
422 96
693 249
259 252
522 30
881 70
623 179
506 42
224 850
782 593
33 248
476 619
575 436
684 338
635 132
943 678
728 366
126 774
967 386
26 489
912 743
438 418
786 14
620 920
608 653
168 84
625 96
872 309
786 508
538 873
448 17
647 415
403 25
256 523
636 168
266 426
938 404
793 910
677 401
564 845
837 541
941 710
202 80
570 995
810 460
220 258
477 220
25 232
245 281
107 234
802 726
660 740
130 453
3 807
206 567
5 396
108 298
458 310
378 380
657 540
192 229
150 670
449 175
254 47
809 362
281 611
88 293
703 570
99 706
730 305
625 87
53 85
385 863
747 116
243 756
8 436
986 159
458 435
334 712
834 143
426 115
106 866
761 810
437 860
868 167
517 494
606 571
579 991
786 327
459 382
83 468
170 421
627 628
209 313
692 43
809 471
511 915
337 272
77 774
132 946
293 649
440 899
572 371
243 711
50 54
93 486
874 263
907 501
243 116
167 287
512 976
758 23
891 96
295 969
222 779
267 868
780 707
119 705
430 714
416 481
769 509
319 995
124 578
849 367
695 16
654 559
344 765
582 235
861 229
556 435
8 823
655 788
882 775
845 665
841 261
498 962
770 817
958 246
395 807
613 442
1 167
385 935
754 598
164 663
33 524
838 41
665 73
168 510
738 9
772 236
972 894
405 930
141 800
737 106
595 912
726 596
79 111
884 185
709 48
848 95
573 39
136 238
112 656
100 202
665 872
438 637
119 843
919 260
995 656
366 590
920 445
539 999
556 423
537 618
823 737
713 748
776 201
338 240
857 439
442 874
311 232
512 430
75 431
42 423
440 761
365 360
206 904
712 114
679 601
732 503
338 797
251 467
998 590
707 207
381 150
82 44
382 946
827 810
377 869
233 169
982 950
882 188
855 946
655 886
547 387
389 885
185 993
352 535
935 60
743 668
562 825
712 944
771 539
106 500
761 691
22 743
642 256
284 849
202 939
735 749
326 477
986 863
822 339
399 109
751 142
777 665
319 489
961 442
29 68
294 790
759 668
885 753
924 169
602 126
108 690
875 787
167 862
650 341
553 49
450 656
543 227
673 862
68 634
656 449
702 951
239 814
619 477
567 544
646 170
670 107
860 898
894 379
112 896
720 17
946 522
25 489
101 698
704 169
332 360
619 387
663 210
201 283
687 768
179 686
290 201
793 150
99 687
881 563
935 953
580 881
475 957
723 576
655 779
98 988
491 69
375 155
631 928
790 671
696 321
357 987
522 150
489 974
189 371
537 124
324 470
358 152
427 433
728 435
212 178
423 55
247 150
210 231
78 352
902 126
673 259
113 196
761 603
522 302
326 411
881 488
154 661
921 235
96 485
413 871
541 13
373 103
244 803
456 146
929 481
757 395
29 518
350 551
172 676
963 950
678 196
439 185
857 712
420 953
550 833
176 91
846 549
546 442
352 354
588 634
29 217
567 379
769 739
407 84
42 85
280 833
622 138
545 42
443 95
228 972
538 426
521 437
869 226
791 809
860 979
507 889
197 74
620 966
166 27
50 208
464 682
41 87
820 938
129 616
386 357
588 924
784 461
713 5
687 505
814 899
484 673
788 33
100 760
351 266
787 753
474 252
436 867
339 608
157 468
224 543
178 164
820 314
626 533
319 665
38 485
565 875
159 705
260 259
466 612
877 253
365 703
857 153
570 196
762 727
17 338
623 547
503 443
861 481
976 532
498 367
17 63
594 528
121 854
787 939
544 832
367 402
337 289
950 99
369 967
438 992
866 293
435 727
126 763
259 624
130 629
40 724
157 161
579 297
452 397
961 996
581 681
398 919
18 691
668 808
683 535
453 470
614 579
586 226
556 716
855 596
793 364
109 724
661 561
121 975
909 55
8 308
974 330
9 344
22 29
153 57
564 958
880 531
890 466
757 446
534 964
394 679
328 855
403 342
416 877
317 677
932 677
985 258
7 346
602 381
376 107
439 292
66 671
823 956
137 932
754 23
896 148
703 577
3 458
919 771
687 588
448 971
617 786
229 624
484 184
358 212
643 149
505 709
820 680
17 309
965 771
332 861
271 387
790 626
846 61
397 885
1 198
857 618
336 438
595 820
622 953
33 266
102 890
327 922
922 697
583 887
820 915
101 92
655 891
70 501
305 820
738 306
18 595
277 706
386 872
526 8
177 911
626 279
153 306
553 76
3 136
963 175
403 64
619 58
308 690
911 613
510 650
271 880
597 900
586 983
124 464
992 301
728 970
628 485
957 983
973 273
159 377
337 778
787 997
468 699
962 330
349 586
210 946
486 796
930 611
613 274
264 341
596 197
222 225
34 532
208 8
805 367
737 494
498 524
492 318
575 454
649 276
392 859
575 879
8 505
490 621
131 106
314 79
303 888
304 690
420 865
50 577
584 787
72 82
663 916
401 591
722 402
867 115
994 621
299 836
594 782
942 260
862 598
149 518
288 569
383 338
147 968
477 571
402 492
487 155
435 209
557 303
324 523
97 670
496 749
858 91
531 801
351 745
751 852
264 391
422 999
81 921
967 910
492 722
402 331
877 190
892 787
845 569
239 806
43 98
249 927
251 953
672 354
805 288
745 579
288 826
852 607
736 696
329 490
27 207
680 920
346 877
841 656
820 80
814 215
530 64
142 133
369 815
487 526
103 584
106 743
410 958
351 498
7 680
989 34
306 585
899 147
593 71
580 408
286 462
824 781
596 545
948 435
71 51
20 529
147 782
488 498
281 495
178 622
881 418
995 540
355 246
39 949
317 619
709 956
434 885
737 30
430 685
817 501
88 837
31 235
972 871
85 253
718 264
227 951
843 741
469 883
690 138
854 751
446 288
670 418
220 488
272 661
677 655
248 649
878 334
254 948
950 481
899 336
56 95
77 525
978 120
15 832
871 462
473 860
997 143
630 570
983 254
583 661
909 183
662 139
517 917
87 819
398 339
155 806
434 233
683 412
353 699
596 576
513 421
788 862
565 419
784 900
673 367
561 935
551 576
74 420
493 162
240 243
853 395
50 287
980 733
51 333
784 999
262 297
421 50
512 338
821 296
238 847
664 152
782 567
728 208
987 573
722 579
816 575
327 218
862 307
304 265
993 88
265 255
738 38
657 250
376 831
546 966
678 210
470 812
129 198
20 469
123 743
48 292
670 375
510 885
683 814
150 676
903 767
283 993
805 292
243 533
123 789
500 801
352 970
613 481
521 986
950 644
81 351
288 103
726 799
988 761
965 491
789 220
258 72
213 416
365 456
301 488
246 153
642 950
124 607
783 997
593 734
993 26
437 282
130 163
433 470
277 398
961 66
619 572
491 832
988 208
48 887
795 690
189 271
650 972
268 595
58 261
622 495
895 104
11 328
574 288
727 536
706 698
460 549
530 448
757 171
441 158
410 236
200 599
507 850
924 775
446 982
389 420
830 636
876 841
965 450
481 44
338 187
742 798
737 624
598 846
796 40
4 558
276 557
510 136
407 434
911 205
768 652
625 598
289 853
791 606
304 272
2 994
812 744
145 901
368 743
747 516
135 104
427 764
661 937
900 420
723 163
626 843
168 603
442 457
457 233
415 113
858 417
513 252
571 233
348 670
750 483
126 529
599 139
818 499
560 541
15 538
736 183
141 178
992 950
764 407
63 974
176 523
644 689
127 567
922 827
589 24
663 68
553 262
207 371
114 119
264 129
657 1
312 151
531 304
101 647
711 517
621 239
392 617
928 871
536 202
699 478
227 714
546 780
976 105
504 90
225 768
571 882
121 883
385 653
187 487
652 250
356 626
489 100
243 769
971 132
972 22
610 551
736 508
683 65
613 187
507 838
308 79
73 429
962 810
434 502
649 439
104 5
65 946
105 660
67 429
792 39
590 540
262 274
605 228
813 112
418 121
543 491
903 858
654 689
712 303
480 816
309 545
114 766
206 182
547 350
573 351
457 516
891 719
142 848
947 955
312 366
209 684
66 863
725 778
519 206
946 180
103 61
298 661
595 846
12 168
197 469
36 440
540 178
288 840
486 952
558 915
160 767
951 226
983 676
4 502
234 303
34 338
716 332
351 311
178 715
831 727
536 868
167 77
398 807
269 884
760 827
151 272
946 454
499 929
483 855
783 717
158 817
407 874
150 759
537 680
826 369
408 363
589 927
792 339
87 61
224 199
888 727
471 834
182 970
116 665
826 251
382 984
69 142
211 571
253 748
603 79
469 11
442 410
291 586
750 378
647 974
577 535
53 48
370 235
371 838
900 549
89 635
129 96
433 382
197 37
813 666
400 608
77 691
194 179
421 842
153 998
729 558
399 451
794 122
289 46
671 379
33 556
241 162
653 675
896 850
712 62
670 297
156 216
476 577
58 981
928 788
540 679
591 686
801 881
732 472
612 766
28 853
280 33
880 177
235 592
239 456
57 261
753 213
477 582
142 888
915 70
28 455
749 619
141 902
500 226
374 464
344 755
670 624
140 550
153 728
495 744
184 904
5 289
117 835
871 611
723 787
682 751
594 783
370 88
686 223
666 412
39 10
519 61
986 660
612 492
388 459
236 924
363 594
213 832
429 437
443 504
224 125
607 170
261 329
258 947
904 924
711 944
286 231
5 625
243 969
117 631
428 353
555 791
299 120
623 80
557 67
584 781
304 157
873 914
104 777
191 168
721 477
399 79
102 642
48 219
625 829
925 532
972 576
652 948
657 210
367 593
343 911
137 647
69 10
562 525
693 861
582 444
292 685
438 692
256 63
521 533
595 494
110 600
442 119
810 809
64 153
72 201
153 493
563 67
371 703
820 64
916 754
861 208
791 299
900 48
715 422
933 310
268 395
910 62
514 72
871 579
578 295
132 731
789 48
798 160
751 970
576 667
724 789
875 516
89 127
916 804
549 849
466 169
597 729
231 463
801 454
394 379
102 527
462 891
575 260
403 678
345 307
121 572
175 562
699 91
366 601
292 184
770 889
913 354
353 67
808 747
798 910
626 261
153 553
873 908
231 456
592 576
115 713
500 290
627 200
381 345
529 571
915 795
925 268
862 86
367 12
348 994
273 502
547 499
762 131
307 354
59 422
419 560
712 46
391 561
470 273
484 385
68 762
5 282
200 373
646 548
719 272
50 618
771 813
749 78
519 161
852 939
721 916
985 481
361 729
394 831
354 230
569 422
344 926
56 544
299 54
93 370
326 495
341 97
660 442
527 180
603 731
119 324
647 456
157 8
185 903
192 539
313 830
39 721
375 691
776 820
61 454
315 402
904 976
197 431
156 800
163 627
125 810
83 634
171 269
538 715
160 376
828 826
206 867
899 933
558 675
753 972
482 69
726 386
397 923
817 553
724 332
180 201
495 615
187 666
236 77
733 397
453 561
575 660
428 474
593 339
502 347
311 984
768 37
370 165
313 539
70 37
872 602
590 367
217 777
385 454
855 118
203 308
31 778
320 459
604 914
150 106
613 813
90 733
203 812
898 516
352 320
905 224
922 847
943 491
624 680
297 831
798 500
492 181
630 812
992 587
726 143
693 691
956 136
424 159
948 674
27 300
994 932
876 268
131 171
760 756
851 57
939 1
910 431
182 892
244 175
479 322
318 525
14 626
13 438
138 313
113 165
966 459
450 842
728 581
14 840
689 865
897 629
867 159
412 401
404 656
576 883
979 894
760 345
873 125
135 11
439 600
528 405
60 330
247 788
264 613
628 305
831 877
286 50
389 699
451 793
355 28
28 686
274 141
383 499
266 519
510 705
119 391
110 179
721 710
319 337
675 299
643 506
529 929
556 918
980 360
711 336
388 91
374 14
232 758
514 499
277 376
204 748
767 667
928 841
377 599
530 52
251 173
911 780
455 819
698 435
179 761
123 919
852 850
934 85
608 800
936 237
176 140
985 296
807 265
489 536
865 19
941 116
545 852
248 352
671 298
787 203
59 263
122 263
113 408
700 721
560 636
310 737
385 936
561 874
825 778
245 766
246 790
970 494
142 993
792 282
196 203
545 671
466 658
431 519
731 992
155 41
729 284
688 466
573 249
692 398
379 937
164 625
728 486
119 222
479 911
504 28
114 401
699 933
411 130
452 142
122 959
535 203
244 576
669 817
177 361
567 557
651 83
182 379
569 654
953 48
917 458
428 32
211 127
317 623
610 121
117 732
80 5
288 324
581 309
493 758
23 412
667 674
495 202
405 64
856 358
465 773
168 893
157 380
373 474
355 983
947 472
67 28
477 355
704 410
665 198
521 688
610 188
714 458
390 119
829 339
372 998
585 529
730 310
356 85
293 303
909 360
683 739
68 388
501 733
938 22
773 900
211 839
358 953
958 233
200 139
572 924
137 509
453 219
819 161
656 464
817 918
825 500
657 245
888 158
978 826
533 103
727 744
294 437
670 249
743 595
173 233
104 979
452 276
492 461
740 309
379 917
162 388
162 402
898 492
581 431
947 660
175 241
97 225
845 768
826 589
363 0
822 819
331 626
95 823
87 188
485 818
105 647
206 268
49 105
760 630
536 708
290 64
949 740
641 147
508 467
736 223
819 558
394 502
184 490
678 624
30 163
442 135
162 649
755 563
106 868
546 994
928 188
410 229
928 51
376 788
871 112
11 690
22 406
193 559
248 223
183 278
386 625
765 900
626 521
463 732
741 361
727 669
550 489
898 830
541 275
619 412
739 982
454 762
388 999
321 988
222 504
618 960
481 384
860 108
257 676
192 350
37 271
19 939
761 917
770 654
544 741
66 284
723 872
46 112
872 719
452 446
223 71
407 56
807 619
516 416
647 709
766 685
980 785
976 93
54 746
747 599
839 165
883 563
38 281
675 262
0 479
708 575
550 467
631 357
439 148
773 86
209 539
123 541
676 100
635 731
198 382
330 38
548 213
601 938
494 628
552 494
107 260
421 658
80 52
367 871
552 141
957 761
32 81
303 709
181 290
440 731
24 770
769 924
335 722
862 181
350 414
27 458
27 448
468 459
852 835
330 405
328 287
518 713
720 821
422 253
463 214
985 488
336 754
412 671
829 627
204 179
393 231
989 772
31 809
231 883
997 913
288 677
553 807
390 273
980 164
527 444
378 512
284 714
618 48
737 447
675 941
979 421
524 320
193 555
130 777
439 127
690 79
804 243
517 219
711 396
15 442
908 651
156 878
699 246
678 727
539 9
148 64
329 693
971 459
470 762
938 161
842 95
404 432
642 273
651 705
669 18
147 929
669 656
808 721
902 838
800 441
847 948
857 176
993 181
988 464
943 278
625 137
373 381
570 367
7 573
73 676
944 572
958 965
228 118
38 130
956 838
924 803
138 133
331 132
314 319
596 610
950 573
99 323
43 313
947 468
342 891
40 300
208 269
418 247
751 374
85 27
529 224
161 212
356 827
884 304
437 834
877 889
509 183
910 552
849 857
20 191
100 413
491 309
34 261
908 785
635 993
813 516
569 326
728 277
153 612
581 943
446 458
832 956
994 94
860 843
304 233
386 404
646 877
65 680
138 973
817 125
319 630
993 888
308 721
166 462
686 99
405 484
910 589
792 904
683 653
99 987
886 485
744 884
714 161
916 852
487 733
329 806
716 322
395 564
486 81
664 243
918 574
832 710
830 868
363 929
207 601
766 303
837 480
465 753
684 952
487 13
110 203
687 508
227 434
73 66
516 89
309 786
15 494
496 197
714 212
478 921
165 244
225 3
76 42
994 595
125 456
150 164
964 378
598 389
796 466
830 457
252 197
951 749
394 665
313 872
939 478
468 516
481 896
558 590
656 904
185 133
360 336
297 676
66 896
66 214
714 896
671 967
94 623
68 840
640 381
65 931
859 885
447 341
782 357
283 790
261 468
924 973
156 573
650 574
469 68
788 536
964 460
503 410
435 571
603 75
304 668
359 163
905 806
856 687
516 139
478 777
960 754
103 468
327 753
821 183
685 137
995 188
900 430
111 855
858 415
523 217
578 780
375 787
468 891
278 298
21 238
52 124
59 379
229 454
528 402
989 565
891 985
753 143
767 216
998 977
631 873
194 562
654 922
701 122
813 979
420 186
570 824
662 629
203 891
435 84
645 424
649 889
761 755
32 529
323 31
506 307
904 53
221 558
975 922
32 140
253 804
679 823
628 341
804 184
585 239
620 230
16 621
119 777
728 504
658 52
535 165
359 791
570 580
702 897
854 86
37 107
891 716
931 871
58 87
55 995
679 675
225 695
649 697
824 377
201 483
429 88
0 140
879 570
72 933
467 926
20 856
34 911
925 317
782 335
756 190
330 435
217 907
130 866
604 307
244 157
790 25
597 790
166 829
712 238
517 782
387 903
45 312
572 180
647 328
722 329
764 939
237 246
806 193
905 402
351 695
427 300
837 945
129 901
184 244
432 53
26 172
956 424
836 528
956 836
856 678
165 972
617 402
571 775
948 476
529 651
524 309
951 361
254 433
263 790
677 47
843 55
571 799
479 408
327 435
596 536
465 113
860 83
868 431
210 816
260 740
467 784
49 418
497 303
851 760
446 880
160 289
936 731
441 767
491 768
555 439
656 20
553 517
103 421
948 314
237 208
406 704
344 455
474 842
110 326
954 908
558 114
198 494
198 639
262 689
759 817
837 34
933 293
455 233
959 692
794 365
748 138
172 222
980 634
900 935
543 459
401 93
953 599
84 567
641 195
384 122
963 574
156 248
867 611
482 826
655 628
543 403
766 67
625 99
53 526
34 948
985 787
41 290
387 477
858 380
25 594
502 988
168 10
237 387
973 71
565 980
699 108
383 465
527 360
916 581
886 950
529 223
90 923
866 477
752 724
857 777
766 839
73 355
226 398
426 792
378 477
252 761
294 132
121 211
713 360
513 594
935 603
517 153
80 270
229 289
399 900
91 777
872 317
175 650
461 553
127 66
666 422
198 140
633 911
500 498
505 787
102 375
293 534
997 522
176 396
422 880
914 513
658 138
183 185
789 996
739 268
62 405
690 260
545 675
523 397
526 381
537 628
756 830
514 753
704 690
501 127
571 767
992 581
906 527
766 47
524 505
315 586
263 358
199 160
385 722
910 911
103 799
539 211
981 54
316 685
96 818
164 667
937 509
600 843
36 367
242 560
224 558
499 839
916 698
352 653
772 262
565 228
413 104
439 394
510 108
79 607
926 596
626 215
105 227
411 141
946 653
54 170
211 905
362 479
603 714
133 727
976 698
955 741
154 395
135 17
503 566
976 781
162 602
996 619
181 759
761 127
413 167
650 624
72 12
456 27
78 589
754 406
639 710
147 145
457 282
514 312
200 490
93 363
445 441
982 626
201 95
106 614
614 108
590 686
472 398
713 550
339 820
956 978
530 103
476 987
737 990
299 937
481 744
652 926
537 635
904 90
82 362
56 697
470 999
735 294
397 801
844 737
621 152
67 503
607 543
490 344
886 141
634 719
237 286
997 126
273 253
217 708
616 625
405 438
624 140
733 22
293 577
759 914
82 178
417 689
722 259
386 960
752 20
679 341
658 28
468 932
281 37
640 897
662 397
336 287
889 69
661 183
998 420
97 432
950 515
122 24
126 508
984 879
880 15
220 538
43 40
470 677
77 462
574 740
859 262
379 749
932 682
812 381
114 762
248 588
448 771
606 328
139 178
219 182
219 689
859 296
504 786
388 363
48 767
464 732
807 748
766 619
130 232
382 378
173 169
105 621
292 711
950 431
890 521
966 109
210 177
757 66
963 146
782 364
913 246
448 721
692 125
150 74
855 323
945 536
24 247
319 914
768 285
375 330
463 485
397 778
631 179
142 896
777 942
969 124
508 662
601 659
736 457
334 332
770 279
220 794
878 539
709 646
177 436
329 640
921 726
257 913
801 386
855 770
511 716
432 112
727 521
921 61
205 691
341 425
486 219
316 547
218 493
983 547
133 257
625 904
161 882
817 962
620 672
733 131
388 517
244 115
390 165
177 595
209 870
372 695
441 689
242 659
534 577
206 20
834 831
924 996
65 741
310 686
765 395
169 506
913 413
973 655
931 502
251 140
724 623
187 166
664 781
825 551
358 384
571 545
567 495
893 985
588 203
671 705
563 864
606 537
519 889
391 122
381 116
746 568
282 762
349 459
313 59
843 884
956 763
731 849
748 671
53 771
729 652
611 292
868 569
181 387
810 573
510 191
689 608
111 323
722 460
134 36
872 978
272 828
93 356
678 841
27 83
612 756
87 575
401 955
497 582
342 307
507 204
499 548
164 610
871 887
423 6
923 647
336 547
827 781
903 505
940 586
39 27
513 792
982 10
375 677
318 882
783 398
131 654
285 906
12 560
553 700
107 381
481 11
238 103
294 179
41 333
206 555
126 541
565 853
218 235
87 451
756 870
201 888
877 486
146 889
46 700
942 506
433 423
517 23
879 811
554 920
496 113
827 974
654 745
827 224
332 267
27 89
137 229
329 366
715 475
608 114
527 550
620 960
973 489
336 204
652 890
477 500
3 304
475 9
401 654
233 734
273 261
823 411
490 504
129 557
979 737
23 507
287 643
819 613
484 155
817 488
398 646
989 401
951 464
763 352
470 996
86 744
609 261
507 99
765 636
9 97
374 32
956 13
28 775
626 512
283 796
1 681
442 342
434 745
158 197
98 628
546 536
372 155
150 231
607 267
868 968
364 594
0 320
607 28
448 586
893 83
382 246
116 824
588 550
922 746
100 20
726 998
908 451
153 410
682 112
678 902
80 394
496 433
715 456
461 515
42 706
598 776
304 714
952 244
616 874
342 716
246 69
714 507
520 220
917 554
684 595
457 765
990 305
198 57
113 11
924 507
283 726
971 204
462 313
273 61
382 339
568 254
559 485
161 244
433 970
361 775
627 911
184 741
274 108
600 696
982 236
423 570
824 394
126 638
707 399
699 442
739 619
48 650
457 209
246 890
179 959
17 807
870 553
900 497
661 500
193 995
736 616
565 560
10 691
551 70
443 250
512 182
222 560
184 679
122 431
569 301
390 938
460 613
491 360
110 504
861 303
499 597
920 64
510 282
107 413
352 550
15 864
84 237
777 269
916 251
700 837
552 442
775 13
55 618
373 165
122 586
821 621
536 93
685 398
375 145
811 728
695 826
944 780
416 73
401 332
324 101
170 229
895 297
242 303
916 967
820 38
554 641
734 697
840 110
842 651
190 890
829 134
22 245
208 423
930 884
876 452
113 771
749 707
74 17
675 247
56 581
888 68
23 975
117 863
85 312
866 627
202 47
761 576
645 321
999 575
558 875
27 671
998 128
379 425
146 406
672 554
987 912
974 362
887 91
225 324
403 443
951 957
490 65
533 135
738 532
62 296
759 89
968 110
570 699
887 716
